40.0 -40.0 2.0
38.0 -40.0 16.0
36.0 -40.0 10.0
34.0 -40.0 11.0
32.0 -40.0 15.0
30.0 -40.0 55.0
28.0 -40.0 119.0
26.0 -40.0 115.0
24.0 -40.0 140.0
22.0 -40.0 147.0
20.0 -40.0 144.0
18.0 -40.0 142.0
16.0 -40.0 145.0
14.0 -40.0 144.0
12.0 -40.0 143.0
10.0 -40.0 145.0
8.0 -40.0 150.0
6.0 -40.0 145.0
4.0 -40.0 144.0
2.0 -40.0 147.0
0.0 -40.0 148.0
-2.0 -40.0 146.0
-4.0 -40.0 144.0
-6.0 -40.0 145.0
-8.0 -40.0 144.0
-10.0 -40.0 146.0
-12.0 -40.0 148.0
-14.0 -40.0 151.0
-16.0 -40.0 147.0
-18.0 -40.0 147.0
-20.0 -40.0 147.0
-22.0 -40.0 151.0
-24.0 -40.0 151.0
-26.0 -40.0 153.0
-28.0 -40.0 150.0
-30.0 -40.0 153.0
-32.0 -40.0 155.0
-34.0 -40.0 155.0
-36.0 -40.0 161.0
-38.0 -40.0 160.0
-40.0 -40.0 160.0
-40.0 -38.0 162.0
-38.0 -38.0 162.0
-36.0 -38.0 154.0
-34.0 -38.0 148.0
-32.0 -38.0 149.0
-30.0 -38.0 148.0
-28.0 -38.0 153.0
-26.0 -38.0 156.0
-24.0 -38.0 164.0
-22.0 -38.0 162.0
-20.0 -38.0 164.0
-18.0 -38.0 155.0
-16.0 -38.0 154.0
-14.0 -38.0 155.0
-12.0 -38.0 159.0
-10.0 -38.0 151.0
-8.0 -38.0 151.0
-6.0 -38.0 149.0
-4.0 -38.0 148.0
-2.0 -38.0 147.0
0.0 -38.0 149.0
2.0 -38.0 149.0
4.0 -38.0 145.0
6.0 -38.0 146.0
8.0 -38.0 145.0
10.0 -38.0 151.0
12.0 -38.0 143.0
14.0 -38.0 147.0
16.0 -38.0 144.0
18.0 -38.0 146.0
20.0 -38.0 145.0
22.0 -38.0 148.0
24.0 -38.0 146.0
26.0 -38.0 150.0
28.0 -38.0 150.0
30.0 -38.0 151.0
32.0 -38.0 158.0
34.0 -38.0 154.0
36.0 -38.0 153.0
38.0 -38.0 156.0
40.0 -38.0 160.0
40.0 -36.0 161.0
38.0 -36.0 164.0
36.0 -36.0 168.0
34.0 -36.0 172.0
32.0 -36.0 171.0
30.0 -36.0 172.0
28.0 -36.0 171.0
26.0 -36.0 171.0
24.0 -36.0 167.0
22.0 -36.0 161.0
20.0 -36.0 159.0
18.0 -36.0 160.0
16.0 -36.0 156.0
14.0 -36.0 154.0
12.0 -36.0 151.0
10.0 -36.0 151.0
8.0 -36.0 147.0
6.0 -36.0 143.0
4.0 -36.0 145.0
2.0 -36.0 147.0
0.0 -36.0 144.0
-2.0 -36.0 145.0
-4.0 -36.0 146.0
-6.0 -36.0 149.0
-8.0 -36.0 143.0
-10.0 -36.0 146.0
-12.0 -36.0 146.0
-14.0 -36.0 146.0
-16.0 -36.0 146.0
-18.0 -36.0 148.0
-20.0 -36.0 148.0
-22.0 -36.0 148.0
-24.0 -36.0 150.0
-26.0 -36.0 151.0
-28.0 -36.0 155.0
-30.0 -36.0 150.0
-32.0 -36.0 153.0
-34.0 -36.0 154.0
-36.0 -36.0 161.0
-38.0 -36.0 158.0
-40.0 -36.0 161.0
-40.0 -34.0 160.0
-38.0 -34.0 156.0
-36.0 -34.0 154.0
-34.0 -34.0 149.0
-32.0 -34.0 150.0
-30.0 -34.0 150.0
-28.0 -34.0 158.0
-26.0 -34.0 155.0
-24.0 -34.0 162.0
-22.0 -34.0 161.0
-20.0 -34.0 159.0
-18.0 -34.0 156.0
-16.0 -34.0 154.0
-14.0 -34.0 149.0
-12.0 -34.0 150.0
-10.0 -34.0 151.0
-8.0 -34.0 149.0
-6.0 -34.0 154.0
-4.0 -34.0 147.0
-2.0 -34.0 148.0
0.0 -34.0 147.0
2.0 -34.0 149.0
4.0 -34.0 145.0
6.0 -34.0 143.0
8.0 -34.0 144.0
10.0 -34.0 143.0
12.0 -34.0 144.0
14.0 -34.0 144.0
16.0 -34.0 147.0
18.0 -34.0 145.0
20.0 -34.0 145.0
22.0 -34.0 146.0
24.0 -34.0 148.0
26.0 -34.0 149.0
28.0 -34.0 150.0
30.0 -34.0 153.0
32.0 -34.0 157.0
34.0 -34.0 153.0
36.0 -34.0 157.0
38.0 -34.0 159.0
40.0 -34.0 159.0
40.0 -32.0 164.0
38.0 -32.0 163.0
36.0 -32.0 171.0
34.0 -32.0 172.0
32.0 -32.0 172.0
30.0 -32.0 171.0
28.0 -32.0 172.0
26.0 -32.0 166.0
24.0 -32.0 163.0
22.0 -32.0 160.0
20.0 -32.0 159.0
18.0 -32.0 156.0
16.0 -32.0 151.0
14.0 -32.0 153.0
12.0 -32.0 155.0
10.0 -32.0 155.0
8.0 -32.0 149.0
6.0 -32.0 147.0
4.0 -32.0 146.0
2.0 -32.0 146.0
0.0 -32.0 144.0
-2.0 -32.0 145.0
-4.0 -32.0 144.0
-6.0 -32.0 145.0
-8.0 -32.0 145.0
-10.0 -32.0 145.0
-12.0 -32.0 150.0
-14.0 -32.0 144.0
-16.0 -32.0 145.0
-18.0 -32.0 146.0
-20.0 -32.0 149.0
-22.0 -32.0 147.0
-24.0 -32.0 148.0
-26.0 -32.0 150.0
-28.0 -32.0 151.0
-30.0 -32.0 151.0
-32.0 -32.0 153.0
-34.0 -32.0 157.0
-36.0 -32.0 156.0
-38.0 -32.0 158.0
-40.0 -32.0 159.0
-40.0 -30.0 161.0
-38.0 -30.0 159.0
-36.0 -30.0 156.0
-34.0 -30.0 150.0
-32.0 -30.0 151.0
-30.0 -30.0 153.0
-28.0 -30.0 151.0
-26.0 -30.0 155.0
-24.0 -30.0 161.0
-22.0 -30.0 161.0
-20.0 -30.0 157.0
-18.0 -30.0 155.0
-16.0 -30.0 155.0
-14.0 -30.0 155.0
-12.0 -30.0 149.0
-10.0 -30.0 148.0
-8.0 -30.0 148.0
-6.0 -30.0 150.0
-4.0 -30.0 145.0
-2.0 -30.0 145.0
0.0 -30.0 144.0
2.0 -30.0 144.0
4.0 -30.0 145.0
6.0 -30.0 144.0
8.0 -30.0 148.0
10.0 -30.0 142.0
12.0 -30.0 141.0
14.0 -30.0 140.0
16.0 -30.0 145.0
18.0 -30.0 142.0
20.0 -30.0 144.0
22.0 -30.0 143.0
24.0 -30.0 145.0
26.0 -30.0 146.0
28.0 -30.0 148.0
30.0 -30.0 154.0
32.0 -30.0 151.0
34.0 -30.0 153.0
36.0 -30.0 153.0
38.0 -30.0 162.0
40.0 -30.0 156.0
40.0 -28.0 163.0
38.0 -28.0 162.0
36.0 -28.0 167.0
34.0 -28.0 168.0
32.0 -28.0 170.0
30.0 -28.0 168.0
28.0 -28.0 168.0
26.0 -28.0 167.0
24.0 -28.0 162.0
22.0 -28.0 159.0
20.0 -28.0 156.0
18.0 -28.0 159.0
16.0 -28.0 150.0
14.0 -28.0 149.0
12.0 -28.0 148.0
10.0 -28.0 150.0
8.0 -28.0 144.0
6.0 -28.0 143.0
4.0 -28.0 143.0
2.0 -28.0 142.0
0.0 -28.0 140.0
-2.0 -28.0 140.0
-4.0 -28.0 146.0
-6.0 -28.0 138.0
-8.0 -28.0 138.0
-10.0 -28.0 142.0
-12.0 -28.0 145.0
-14.0 -28.0 139.0
-16.0 -28.0 139.0
-18.0 -28.0 141.0
-20.0 -28.0 143.0
-22.0 -28.0 142.0
-24.0 -28.0 145.0
-26.0 -28.0 146.0
-28.0 -28.0 142.0
-30.0 -28.0 145.0
-32.0 -28.0 147.0
-34.0 -28.0 154.0
-36.0 -28.0 150.0
-38.0 -28.0 155.0
-40.0 -28.0 154.0
-40.0 -26.0 155.0
-38.0 -26.0 151.0
-36.0 -26.0 148.0
-34.0 -26.0 145.0
-32.0 -26.0 144.0
-30.0 -26.0 145.0
-28.0 -26.0 145.0
-26.0 -26.0 148.0
-24.0 -26.0 155.0
-22.0 -26.0 159.0
-20.0 -26.0 153.0
-18.0 -26.0 149.0
-16.0 -26.0 148.0
-14.0 -26.0 149.0
-12.0 -26.0 146.0
-10.0 -26.0 146.0
-8.0 -26.0 147.0
-6.0 -26.0 143.0
-4.0 -26.0 142.0
-2.0 -26.0 141.0
0.0 -26.0 143.0
2.0 -26.0 140.0
4.0 -26.0 139.0
6.0 -26.0 141.0
8.0 -26.0 144.0
10.0 -26.0 141.0
12.0 -26.0 142.0
14.0 -26.0 140.0
16.0 -26.0 143.0
18.0 -26.0 138.0
20.0 -26.0 141.0
22.0 -26.0 141.0
24.0 -26.0 140.0
26.0 -26.0 142.0
28.0 -26.0 146.0
30.0 -26.0 150.0
32.0 -26.0 149.0
34.0 -26.0 149.0
36.0 -26.0 151.0
38.0 -26.0 155.0
40.0 -26.0 155.0
40.0 -24.0 160.0
38.0 -24.0 162.0
36.0 -24.0 164.0
34.0 -24.0 165.0
32.0 -24.0 164.0
30.0 -24.0 166.0
28.0 -24.0 165.0
26.0 -24.0 164.0
24.0 -24.0 157.0
22.0 -24.0 156.0
20.0 -24.0 154.0
18.0 -24.0 151.0
16.0 -24.0 150.0
14.0 -24.0 146.0
12.0 -24.0 151.0
10.0 -24.0 145.0
8.0 -24.0 142.0
6.0 -24.0 142.0
4.0 -24.0 144.0
2.0 -24.0 139.0
0.0 -24.0 138.0
-2.0 -24.0 137.0
-4.0 -24.0 139.0
-6.0 -24.0 137.0
-8.0 -24.0 139.0
-10.0 -24.0 138.0
-12.0 -24.0 139.0
-14.0 -24.0 139.0
-16.0 -24.0 139.0
-18.0 -24.0 142.0
-20.0 -24.0 138.0
-22.0 -24.0 139.0
-24.0 -24.0 140.0
-26.0 -24.0 142.0
-28.0 -24.0 140.0
-30.0 -24.0 143.0
-32.0 -24.0 145.0
-34.0 -24.0 145.0
-36.0 -24.0 147.0
-38.0 -24.0 151.0
-40.0 -24.0 156.0
-40.0 -22.0 153.0
-38.0 -22.0 162.0
-36.0 -22.0 144.0
-34.0 -22.0 142.0
-32.0 -22.0 139.0
-30.0 -22.0 141.0
-28.0 -22.0 136.0
-26.0 -22.0 148.0
-24.0 -22.0 155.0
-22.0 -22.0 148.0
-20.0 -22.0 146.0
-18.0 -22.0 146.0
-16.0 -22.0 144.0
-14.0 -22.0 143.0
-12.0 -22.0 143.0
-10.0 -22.0 142.0
-8.0 -22.0 145.0
-6.0 -22.0 139.0
-4.0 -22.0 138.0
-2.0 -22.0 136.0
0.0 -22.0 137.0
2.0 -22.0 138.0
4.0 -22.0 136.0
6.0 -22.0 136.0
8.0 -22.0 136.0
10.0 -22.0 137.0
12.0 -22.0 137.0
14.0 -22.0 140.0
16.0 -22.0 137.0
18.0 -22.0 137.0
20.0 -22.0 136.0
22.0 -22.0 138.0
24.0 -22.0 140.0
26.0 -22.0 140.0
28.0 -22.0 142.0
30.0 -22.0 143.0
32.0 -22.0 143.0
34.0 -22.0 145.0
36.0 -22.0 150.0
38.0 -22.0 146.0
40.0 -22.0 149.0
40.0 -20.0 153.0
38.0 -20.0 156.0
36.0 -20.0 158.0
34.0 -20.0 161.0
32.0 -20.0 161.0
30.0 -20.0 160.0
28.0 -20.0 162.0
26.0 -20.0 154.0
24.0 -20.0 153.0
22.0 -20.0 151.0
20.0 -20.0 151.0
18.0 -20.0 146.0
16.0 -20.0 145.0
14.0 -20.0 143.0
12.0 -20.0 145.0
10.0 -20.0 142.0
8.0 -20.0 140.0
6.0 -20.0 141.0
4.0 -20.0 136.0
2.0 -20.0 137.0
0.0 -20.0 136.0
-2.0 -20.0 138.0
-4.0 -20.0 133.0
-6.0 -20.0 134.0
-8.0 -20.0 134.0
-10.0 -20.0 137.0
-12.0 -20.0 134.0
-14.0 -20.0 136.0
-16.0 -20.0 138.0
-18.0 -20.0 137.0
-20.0 -20.0 138.0
-22.0 -20.0 139.0
-24.0 -20.0 141.0
-26.0 -20.0 139.0
-28.0 -20.0 141.0
-30.0 -20.0 139.0
-32.0 -20.0 146.0
-34.0 -20.0 142.0
-36.0 -20.0 144.0
-38.0 -20.0 147.0
-40.0 -20.0 150.0
-40.0 -18.0 150.0
-38.0 -18.0 147.0
-36.0 -18.0 141.0
-34.0 -18.0 136.0
-32.0 -18.0 136.0
-30.0 -18.0 133.0
-28.0 -18.0 136.0
-26.0 -18.0 142.0
-24.0 -18.0 153.0
-22.0 -18.0 147.0
-20.0 -18.0 146.0
-18.0 -18.0 141.0
-16.0 -18.0 141.0
-14.0 -18.0 139.0
-12.0 -18.0 140.0
-10.0 -18.0 143.0
-8.0 -18.0 137.0
-6.0 -18.0 137.0
-4.0 -18.0 137.0
-2.0 -18.0 139.0
0.0 -18.0 133.0
2.0 -18.0 134.0
4.0 -18.0 132.0
6.0 -18.0 137.0
8.0 -18.0 133.0
10.0 -18.0 136.0
12.0 -18.0 133.0
14.0 -18.0 133.0
16.0 -18.0 136.0
18.0 -18.0 136.0
20.0 -18.0 138.0
22.0 -18.0 133.0
24.0 -18.0 136.0
26.0 -18.0 137.0
28.0 -18.0 142.0
30.0 -18.0 139.0
32.0 -18.0 141.0
34.0 -18.0 142.0
36.0 -18.0 144.0
38.0 -18.0 147.0
40.0 -18.0 148.0
40.0 -16.0 153.0
38.0 -16.0 155.0
36.0 -16.0 163.0
34.0 -16.0 157.0
32.0 -16.0 157.0
30.0 -16.0 158.0
28.0 -16.0 160.0
26.0 -16.0 155.0
24.0 -16.0 151.0
22.0 -16.0 148.0
20.0 -16.0 147.0
18.0 -16.0 144.0
16.0 -16.0 144.0
14.0 -16.0 143.0
12.0 -16.0 138.0
10.0 -16.0 138.0
8.0 -16.0 136.0
6.0 -16.0 139.0
4.0 -16.0 133.0
2.0 -16.0 136.0
0.0 -16.0 133.0
-2.0 -16.0 134.0
-4.0 -16.0 136.0
-6.0 -16.0 136.0
-8.0 -16.0 133.0
-10.0 -16.0 133.0
-12.0 -16.0 133.0
-14.0 -16.0 133.0
-16.0 -16.0 138.0
-18.0 -16.0 132.0
-20.0 -16.0 134.0
-22.0 -16.0 134.0
-24.0 -16.0 138.0
-26.0 -16.0 134.0
-28.0 -16.0 137.0
-30.0 -16.0 136.0
-32.0 -16.0 140.0
-34.0 -16.0 142.0
-36.0 -16.0 143.0
-38.0 -16.0 147.0
-40.0 -16.0 145.0
-40.0 -14.0 150.0
-38.0 -14.0 146.0
-36.0 -14.0 142.0
-34.0 -14.0 138.0
-32.0 -14.0 136.0
-30.0 -14.0 136.0
-28.0 -14.0 137.0
-26.0 -14.0 146.0
-24.0 -14.0 148.0
-22.0 -14.0 146.0
-20.0 -14.0 145.0
-18.0 -14.0 146.0
-16.0 -14.0 141.0
-14.0 -14.0 140.0
-12.0 -14.0 138.0
-10.0 -14.0 142.0
-8.0 -14.0 134.0
-6.0 -14.0 136.0
-4.0 -14.0 136.0
-2.0 -14.0 132.0
0.0 -14.0 133.0
2.0 -14.0 132.0
4.0 -14.0 136.0
6.0 -14.0 132.0
8.0 -14.0 131.0
10.0 -14.0 132.0
12.0 -14.0 137.0
14.0 -14.0 131.0
16.0 -14.0 133.0
18.0 -14.0 132.0
20.0 -14.0 132.0
22.0 -14.0 136.0
24.0 -14.0 136.0
26.0 -14.0 134.0
28.0 -14.0 136.0
30.0 -14.0 138.0
32.0 -14.0 138.0
34.0 -14.0 145.0
36.0 -14.0 141.0
38.0 -14.0 144.0
40.0 -14.0 146.0
40.0 -12.0 150.0
38.0 -12.0 153.0
36.0 -12.0 154.0
34.0 -12.0 155.0
32.0 -12.0 155.0
30.0 -12.0 153.0
28.0 -12.0 155.0
26.0 -12.0 153.0
24.0 -12.0 151.0
22.0 -12.0 149.0
20.0 -12.0 143.0
18.0 -12.0 140.0
36.0 4.0 149.0
34.0 4.0 151.0
32.0 4.0 153.0
30.0 4.0 155.0
28.0 4.0 149.0
26.0 4.0 149.0
24.0 4.0 148.0
22.0 4.0 149.0
20.0 4.0 141.0
18.0 4.0 141.0
16.0 4.0 139.0
14.0 4.0 138.0
12.0 4.0 134.0
10.0 4.0 131.0
8.0 4.0 129.0
6.0 4.0 129.0
4.0 4.0 0.0
2.0 4.0 59.0
0.0 4.0 57.0
-2.0 4.0 58.0
-4.0 4.0 65.0
-6.0 4.0 59.0
-8.0 4.0 55.0
-10.0 4.0 57.0
-12.0 4.0 60.0
-14.0 4.0 56.0
-16.0 4.0 60.0
-18.0 4.0 63.0
-20.0 4.0 66.0
-22.0 4.0 102.0
-24.0 4.0 131.0
-26.0 4.0 136.0
-28.0 4.0 131.0
-30.0 4.0 133.0
-32.0 4.0 136.0
-34.0 4.0 138.0
-36.0 4.0 138.0
-38.0 4.0 137.0
-40.0 4.0 142.0
-40.0 6.0 141.0
-38.0 6.0 139.0
-36.0 6.0 132.0
-34.0 6.0 129.0
-32.0 6.0 128.0
-30.0 6.0 131.0
-28.0 6.0 132.0
-26.0 6.0 138.0
-24.0 6.0 142.0
-22.0 6.0 140.0
-20.0 6.0 140.0
-18.0 6.0 137.0
-16.0 6.0 136.0
-14.0 6.0 133.0
-12.0 6.0 133.0
-10.0 6.0 133.0
-8.0 6.0 136.0
-6.0 6.0 129.0
-4.0 6.0 104.0
-2.0 6.0 67.0
0.0 6.0 65.0
2.0 6.0 58.0
4.0 6.0 58.0
6.0 6.0 58.0
8.0 6.0 60.0
10.0 6.0 58.0
12.0 6.0 57.0
14.0 6.0 59.0
16.0 6.0 56.0
18.0 6.0 54.0
20.0 6.0 0.0
22.0 6.0 131.0
24.0 6.0 131.0
26.0 6.0 133.0
28.0 6.0 132.0
30.0 6.0 136.0
32.0 6.0 136.0
34.0 6.0 136.0
36.0 6.0 139.0
38.0 6.0 140.0
40.0 6.0 143.0
40.0 8.0 144.0
38.0 8.0 155.0
36.0 8.0 150.0
34.0 8.0 151.0
32.0 8.0 151.0
30.0 8.0 155.0
28.0 8.0 151.0
26.0 8.0 148.0
24.0 8.0 142.0
22.0 8.0 140.0
20.0 8.0 137.0
18.0 8.0 138.0
16.0 8.0 138.0
14.0 8.0 134.0
12.0 8.0 132.0
10.0 8.0 130.0
8.0 8.0 127.0
6.0 8.0 129.0
4.0 8.0 130.0
2.0 8.0 55.0
0.0 8.0 58.0
-2.0 8.0 60.0
-4.0 8.0 58.0
-6.0 8.0 57.0
-8.0 8.0 57.0
-10.0 8.0 58.0
-12.0 8.0 60.0
-14.0 8.0 58.0
-16.0 8.0 66.0
-18.0 8.0 60.0
-20.0 8.0 60.0
-22.0 8.0 83.0
-24.0 8.0 136.0
-26.0 8.0 131.0
-28.0 8.0 134.0
-30.0 8.0 132.0
-32.0 8.0 136.0
-34.0 8.0 134.0
-36.0 8.0 139.0
-38.0 8.0 145.0
-40.0 8.0 143.0
-40.0 10.0 146.0
-38.0 10.0 140.0
-36.0 10.0 141.0
-34.0 10.0 133.0
-32.0 10.0 133.0
-30.0 10.0 133.0
-28.0 10.0 133.0
-26.0 10.0 141.0
-24.0 10.0 142.0
-22.0 10.0 139.0
-20.0 10.0 137.0
-18.0 10.0 137.0
-16.0 10.0 129.0
-14.0 10.0 130.0
-12.0 10.0 128.0
-10.0 10.0 132.0
-8.0 10.0 126.0
-6.0 10.0 127.0
-4.0 10.0 127.0
-2.0 10.0 84.0
0.0 10.0 58.0
2.0 10.0 57.0
4.0 10.0 58.0
6.0 10.0 58.0
8.0 10.0 57.0
10.0 10.0 62.0
12.0 10.0 58.0
14.0 10.0 56.0
16.0 10.0 59.0
18.0 10.0 60.0
20.0 10.0 92.0
22.0 10.0 120.0
24.0 10.0 121.0
26.0 10.0 120.0
28.0 10.0 113.0
30.0 10.0 121.0
32.0 10.0 126.0
34.0 10.0 125.0
36.0 10.0 128.0
38.0 10.0 122.0
40.0 10.0 117.0
40.0 12.0 122.0
38.0 12.0 119.0
36.0 12.0 119.0
34.0 12.0 112.0
32.0 12.0 122.0
30.0 12.0 115.0
28.0 12.0 119.0
26.0 12.0 123.0
24.0 12.0 123.0
22.0 12.0 120.0
20.0 12.0 128.0
18.0 12.0 129.0
16.0 12.0 124.0
14.0 12.0 123.0
12.0 12.0 122.0
10.0 12.0 119.0
8.0 12.0 105.0
6.0 12.0 109.0
4.0 12.0 103.0
2.0 12.0 76.0
0.0 12.0 57.0
-2.0 12.0 56.0
-4.0 12.0 58.0
-6.0 12.0 57.0
-8.0 12.0 62.0
-10.0 12.0 58.0
-12.0 12.0 65.0
-14.0 12.0 59.0
-16.0 12.0 60.0
-18.0 12.0 66.0
-20.0 12.0 122.0
-22.0 12.0 124.0
-24.0 12.0 123.0
-26.0 12.0 124.0
-28.0 12.0 126.0
-30.0 12.0 125.0
-32.0 12.0 126.0
-34.0 12.0 128.0
-36.0 12.0 128.0
-38.0 12.0 131.0
-40.0 12.0 132.0
-40.0 14.0 136.0
-38.0 14.0 123.0
-36.0 14.0 119.0
-34.0 14.0 110.0
-32.0 14.0 101.0
-30.0 14.0 104.0
-28.0 14.0 115.0
-26.0 14.0 129.0
-24.0 14.0 137.0
-22.0 14.0 131.0
-20.0 14.0 129.0
-18.0 14.0 125.0
-16.0 14.0 125.0
-14.0 14.0 129.0
-12.0 14.0 123.0
-10.0 14.0 123.0
-8.0 14.0 124.0
-6.0 14.0 126.0
-4.0 14.0 121.0
-2.0 14.0 66.0
0.0 14.0 58.0
2.0 14.0 60.0
4.0 14.0 57.0
6.0 14.0 58.0
8.0 14.0 57.0
10.0 14.0 56.0
12.0 14.0 54.0
14.0 14.0 52.0
16.0 14.0 46.0
18.0 14.0 49.0
20.0 14.0 75.0
