40.0 -40.0 30.0
38.0 -40.0 40.0
36.0 -40.0 0.0
34.0 -40.0 44.0
32.0 -40.0 0.0
30.0 -40.0 133.0
28.0 -40.0 139.0
26.0 -40.0 159.0
24.0 -40.0 157.0
22.0 -40.0 157.0
20.0 -40.0 151.0
18.0 -40.0 154.0
16.0 -40.0 151.0
14.0 -40.0 151.0
12.0 -40.0 154.0
10.0 -40.0 157.0
8.0 -40.0 161.0
6.0 -40.0 157.0
4.0 -40.0 155.0
2.0 -40.0 154.0
0.0 -40.0 155.0
-2.0 -40.0 151.0
-4.0 -40.0 151.0
-6.0 -40.0 153.0
-8.0 -40.0 149.0
-10.0 -40.0 154.0
-12.0 -40.0 155.0
-14.0 -40.0 153.0
-16.0 -40.0 154.0
-18.0 -40.0 155.0
-20.0 -40.0 154.0
-22.0 -40.0 162.0
-24.0 -40.0 157.0
-26.0 -40.0 158.0
-28.0 -40.0 158.0
-30.0 -40.0 164.0
-32.0 -40.0 161.0
-34.0 -40.0 161.0
-36.0 -40.0 165.0
-38.0 -40.0 165.0
-40.0 -40.0 168.0
-40.0 -38.0 168.0
-38.0 -38.0 167.0
-36.0 -38.0 161.0
-34.0 -38.0 157.0
-32.0 -38.0 156.0
-30.0 -38.0 156.0
-28.0 -38.0 159.0
-26.0 -38.0 175.0
-24.0 -38.0 168.0
-22.0 -38.0 167.0
-20.0 -38.0 164.0
-18.0 -38.0 163.0
-16.0 -38.0 161.0
-14.0 -38.0 161.0
-12.0 -38.0 159.0
-10.0 -38.0 159.0
-8.0 -38.0 158.0
-6.0 -38.0 158.0
-4.0 -38.0 159.0
-2.0 -38.0 157.0
0.0 -38.0 155.0
2.0 -38.0 156.0
4.0 -38.0 159.0
6.0 -38.0 153.0
8.0 -38.0 154.0
10.0 -38.0 153.0
12.0 -38.0 154.0
14.0 -38.0 149.0
16.0 -38.0 150.0
18.0 -38.0 150.0
20.0 -38.0 155.0
22.0 -38.0 154.0
24.0 -38.0 153.0
26.0 -38.0 161.0
28.0 -38.0 157.0
30.0 -38.0 158.0
32.0 -38.0 158.0
34.0 -38.0 168.0
36.0 -38.0 160.0
38.0 -38.0 162.0
40.0 -38.0 165.0
40.0 -36.0 167.0
38.0 -36.0 171.0
36.0 -36.0 176.0
34.0 -36.0 177.0
32.0 -36.0 177.0
30.0 -36.0 179.0
28.0 -36.0 177.0
26.0 -36.0 176.0
24.0 -36.0 171.0
22.0 -36.0 176.0
20.0 -36.0 164.0
18.0 -36.0 162.0
16.0 -36.0 158.0
14.0 -36.0 164.0
12.0 -36.0 158.0
10.0 -36.0 157.0
8.0 -36.0 157.0
6.0 -36.0 151.0
4.0 -36.0 150.0
2.0 -36.0 150.0
0.0 -36.0 150.0
-2.0 -36.0 150.0
-4.0 -36.0 150.0
-6.0 -36.0 150.0
-8.0 -36.0 157.0
-10.0 -36.0 151.0
-12.0 -36.0 151.0
-14.0 -36.0 151.0
-16.0 -36.0 155.0
-18.0 -36.0 154.0
-20.0 -36.0 154.0
-22.0 -36.0 154.0
-24.0 -36.0 156.0
-26.0 -36.0 155.0
-28.0 -36.0 157.0
-30.0 -36.0 164.0
-32.0 -36.0 160.0
-34.0 -36.0 160.0
-36.0 -36.0 163.0
-38.0 -36.0 170.0
-40.0 -36.0 167.0
-40.0 -34.0 171.0
-38.0 -34.0 162.0
-36.0 -34.0 158.0
-34.0 -34.0 156.0
-32.0 -34.0 155.0
-30.0 -34.0 155.0
-28.0 -34.0 158.0
-26.0 -34.0 168.0
-24.0 -34.0 166.0
-22.0 -34.0 165.0
-20.0 -34.0 164.0
-18.0 -34.0 170.0
-16.0 -34.0 160.0
-14.0 -34.0 158.0
-12.0 -34.0 158.0
-10.0 -34.0 158.0
-8.0 -34.0 157.0
-6.0 -34.0 154.0
-4.0 -34.0 155.0
-2.0 -34.0 154.0
0.0 -34.0 151.0
2.0 -34.0 153.0
4.0 -34.0 160.0
6.0 -34.0 151.0
8.0 -34.0 151.0
10.0 -34.0 150.0
12.0 -34.0 154.0
14.0 -34.0 148.0
16.0 -34.0 148.0
18.0 -34.0 148.0
20.0 -34.0 156.0
22.0 -34.0 151.0
24.0 -34.0 149.0
26.0 -34.0 155.0
28.0 -34.0 156.0
30.0 -34.0 156.0
32.0 -34.0 157.0
34.0 -34.0 165.0
36.0 -34.0 157.0
38.0 -34.0 162.0
40.0 -34.0 163.0
40.0 -32.0 166.0
38.0 -32.0 170.0
36.0 -32.0 182.0
34.0 -32.0 176.0
32.0 -32.0 176.0
30.0 -32.0 175.0
28.0 -32.0 176.0
26.0 -32.0 174.0
24.0 -32.0 168.0
22.0 -32.0 166.0
20.0 -32.0 161.0
18.0 -32.0 159.0
16.0 -32.0 157.0
14.0 -32.0 164.0
12.0 -32.0 155.0
10.0 -32.0 155.0
8.0 -32.0 153.0
6.0 -32.0 155.0
4.0 -32.0 149.0
2.0 -32.0 148.0
0.0 -32.0 149.0
-2.0 -32.0 144.0
-4.0 -32.0 147.0
-6.0 -32.0 145.0
-8.0 -32.0 147.0
-10.0 -32.0 147.0
-12.0 -32.0 148.0
-14.0 -32.0 149.0
-16.0 -32.0 154.0
-18.0 -32.0 148.0
-20.0 -32.0 151.0
-22.0 -32.0 151.0
-24.0 -32.0 150.0
-26.0 -32.0 154.0
-28.0 -32.0 154.0
-30.0 -32.0 156.0
-32.0 -32.0 156.0
-34.0 -32.0 157.0
-36.0 -32.0 159.0
-38.0 -32.0 166.0
-40.0 -32.0 163.0
-40.0 -30.0 170.0
-38.0 -30.0 161.0
-36.0 -30.0 157.0
-34.0 -30.0 154.0
-32.0 -30.0 150.0
-30.0 -30.0 151.0
-28.0 -30.0 155.0
-26.0 -30.0 164.0
-24.0 -30.0 162.0
-22.0 -30.0 159.0
-20.0 -30.0 159.0
-18.0 -30.0 163.0
-16.0 -30.0 155.0
-14.0 -30.0 156.0
-12.0 -30.0 155.0
-10.0 -30.0 154.0
-8.0 -30.0 151.0
-6.0 -30.0 151.0
-4.0 -30.0 154.0
-2.0 -30.0 148.0
0.0 -30.0 146.0
2.0 -30.0 145.0
4.0 -30.0 149.0
6.0 -30.0 147.0
8.0 -30.0 144.0
10.0 -30.0 146.0
12.0 -30.0 148.0
14.0 -30.0 146.0
16.0 -30.0 146.0
18.0 -30.0 144.0
20.0 -30.0 147.0
22.0 -30.0 146.0
24.0 -30.0 146.0
26.0 -30.0 153.0
28.0 -30.0 151.0
30.0 -30.0 151.0
32.0 -30.0 154.0
34.0 -30.0 159.0
36.0 -30.0 157.0
38.0 -30.0 156.0
40.0 -30.0 159.0
40.0 -28.0 163.0
38.0 -28.0 165.0
36.0 -28.0 170.0
34.0 -28.0 172.0
32.0 -28.0 171.0
30.0 -28.0 168.0
28.0 -28.0 170.0
26.0 -28.0 167.0
24.0 -28.0 165.0
22.0 -28.0 166.0
20.0 -28.0 158.0
18.0 -28.0 156.0
16.0 -28.0 154.0
14.0 -28.0 154.0
12.0 -28.0 149.0
10.0 -28.0 150.0
8.0 -28.0 147.0
6.0 -28.0 145.0
4.0 -28.0 144.0
2.0 -28.0 142.0
0.0 -28.0 147.0
-2.0 -28.0 142.0
-4.0 -28.0 138.0
-6.0 -28.0 142.0
-8.0 -28.0 141.0
-10.0 -28.0 144.0
-12.0 -28.0 142.0
-14.0 -28.0 144.0
-16.0 -28.0 145.0
-18.0 -28.0 143.0
-20.0 -28.0 145.0
-22.0 -28.0 148.0
-24.0 -28.0 145.0
-26.0 -28.0 147.0
-28.0 -28.0 146.0
-30.0 -28.0 151.0
-32.0 -28.0 149.0
-34.0 -28.0 151.0
-36.0 -28.0 155.0
-38.0 -28.0 160.0
-40.0 -28.0 156.0
-40.0 -26.0 159.0
-38.0 -26.0 158.0
-36.0 -26.0 156.0
-34.0 -26.0 153.0
-32.0 -26.0 149.0
-30.0 -26.0 148.0
-28.0 -26.0 150.0
-26.0 -26.0 160.0
-24.0 -26.0 158.0
-22.0 -26.0 157.0
-20.0 -26.0 153.0
-18.0 -26.0 154.0
-16.0 -26.0 150.0
-14.0 -26.0 149.0
-12.0 -26.0 150.0
-10.0 -26.0 148.0
-8.0 -26.0 145.0
-6.0 -26.0 145.0
-4.0 -26.0 147.0
-2.0 -26.0 144.0
0.0 -26.0 143.0
2.0 -26.0 143.0
4.0 -26.0 145.0
6.0 -26.0 142.0
8.0 -26.0 141.0
10.0 -26.0 140.0
12.0 -26.0 141.0
14.0 -26.0 141.0
16.0 -26.0 142.0
18.0 -26.0 147.0
20.0 -26.0 140.0
22.0 -26.0 140.0
24.0 -26.0 143.0
26.0 -26.0 145.0
28.0 -26.0 146.0
30.0 -26.0 148.0
32.0 -26.0 148.0
34.0 -26.0 151.0
36.0 -26.0 151.0
38.0 -26.0 154.0
40.0 -26.0 159.0
40.0 -24.0 158.0
38.0 -24.0 160.0
36.0 -24.0 162.0
34.0 -24.0 165.0
32.0 -24.0 165.0
30.0 -24.0 164.0
28.0 -24.0 163.0
26.0 -24.0 163.0
24.0 -24.0 158.0
22.0 -24.0 161.0
20.0 -24.0 155.0
18.0 -24.0 151.0
16.0 -24.0 150.0
14.0 -24.0 151.0
12.0 -24.0 146.0
10.0 -24.0 145.0
8.0 -24.0 144.0
6.0 -24.0 139.0
4.0 -24.0 140.0
2.0 -24.0 141.0
0.0 -24.0 145.0
-2.0 -24.0 139.0
-4.0 -24.0 140.0
-6.0 -24.0 139.0
-8.0 -24.0 145.0
-10.0 -24.0 140.0
-12.0 -24.0 140.0
-14.0 -24.0 137.0
-16.0 -24.0 138.0
-18.0 -24.0 140.0
-20.0 -24.0 140.0
-22.0 -24.0 143.0
-24.0 -24.0 142.0
-26.0 -24.0 143.0
-28.0 -24.0 145.0
-30.0 -24.0 150.0
-32.0 -24.0 146.0
-34.0 -24.0 146.0
-36.0 -24.0 150.0
-38.0 -24.0 153.0
-40.0 -24.0 153.0
-40.0 -22.0 157.0
-38.0 -22.0 150.0
-36.0 -22.0 146.0
-34.0 -22.0 146.0
-32.0 -22.0 143.0
-30.0 -22.0 140.0
-28.0 -22.0 142.0
-26.0 -22.0 153.0
-24.0 -22.0 154.0
-22.0 -22.0 151.0
-20.0 -22.0 149.0
-18.0 -22.0 146.0
-16.0 -22.0 147.0
-14.0 -22.0 146.0
-12.0 -22.0 147.0
-10.0 -22.0 143.0
-8.0 -22.0 143.0
-6.0 -22.0 141.0
-4.0 -22.0 142.0
-2.0 -22.0 141.0
0.0 -22.0 138.0
2.0 -22.0 136.0
4.0 -22.0 140.0
6.0 -22.0 136.0
8.0 -22.0 137.0
10.0 -22.0 140.0
12.0 -22.0 137.0
14.0 -22.0 138.0
16.0 -22.0 139.0
18.0 -22.0 138.0
20.0 -22.0 136.0
22.0 -22.0 138.0
24.0 -22.0 140.0
26.0 -22.0 144.0
28.0 -22.0 142.0
30.0 -22.0 142.0
32.0 -22.0 145.0
34.0 -22.0 145.0
36.0 -22.0 147.0
38.0 -22.0 148.0
40.0 -22.0 153.0
40.0 -20.0 156.0
38.0 -20.0 165.0
36.0 -20.0 158.0
34.0 -20.0 160.0
32.0 -20.0 161.0
30.0 -20.0 161.0
28.0 -20.0 160.0
26.0 -20.0 161.0
24.0 -20.0 155.0
22.0 -20.0 154.0
20.0 -20.0 150.0
18.0 -20.0 149.0
16.0 -20.0 150.0
14.0 -20.0 142.0
12.0 -20.0 140.0
10.0 -20.0 142.0
8.0 -20.0 144.0
6.0 -20.0 140.0
4.0 -20.0 139.0
2.0 -20.0 138.0
0.0 -20.0 140.0
-2.0 -20.0 139.0
-4.0 -20.0 134.0
-6.0 -20.0 136.0
-8.0 -20.0 134.0
-10.0 -20.0 133.0
-12.0 -20.0 133.0
-14.0 -20.0 137.0
-16.0 -20.0 136.0
-18.0 -20.0 139.0
-20.0 -20.0 134.0
-22.0 -20.0 141.0
-24.0 -20.0 139.0
-26.0 -20.0 141.0
-28.0 -20.0 141.0
-30.0 -20.0 142.0
-32.0 -20.0 143.0
-34.0 -20.0 144.0
-36.0 -20.0 147.0
-38.0 -20.0 146.0
-40.0 -20.0 148.0
-40.0 -18.0 150.0
-38.0 -18.0 150.0
-36.0 -18.0 146.0
-34.0 -18.0 141.0
-32.0 -18.0 138.0
-30.0 -18.0 137.0
-28.0 -18.0 144.0
-26.0 -18.0 149.0
-24.0 -18.0 150.0
-22.0 -18.0 149.0
-20.0 -18.0 145.0
-18.0 -18.0 144.0
-16.0 -18.0 143.0
-14.0 -18.0 143.0
-12.0 -18.0 140.0
-10.0 -18.0 138.0
-8.0 -18.0 137.0
-6.0 -18.0 137.0
-4.0 -18.0 138.0
-2.0 -18.0 137.0
0.0 -18.0 134.0
2.0 -18.0 137.0
4.0 -18.0 134.0
6.0 -18.0 134.0
8.0 -18.0 137.0
10.0 -18.0 138.0
12.0 -18.0 133.0
14.0 -18.0 134.0
16.0 -18.0 134.0
18.0 -18.0 139.0
20.0 -18.0 134.0
22.0 -18.0 138.0
24.0 -18.0 138.0
26.0 -18.0 140.0
28.0 -18.0 139.0
30.0 -18.0 141.0
32.0 -18.0 144.0
34.0 -18.0 143.0
36.0 -18.0 145.0
38.0 -18.0 147.0
40.0 -18.0 151.0
40.0 -16.0 153.0
38.0 -16.0 161.0
36.0 -16.0 156.0
34.0 -16.0 155.0
32.0 -16.0 157.0
30.0 -16.0 158.0
28.0 -16.0 158.0
26.0 -16.0 156.0
24.0 -16.0 155.0
22.0 -16.0 149.0
20.0 -16.0 147.0
18.0 -16.0 146.0
16.0 -16.0 146.0
14.0 -16.0 139.0
12.0 -16.0 139.0
10.0 -16.0 138.0
8.0 -16.0 137.0
6.0 -16.0 138.0
4.0 -16.0 137.0
2.0 -16.0 134.0
0.0 -16.0 134.0
-2.0 -16.0 134.0
-4.0 -16.0 134.0
-6.0 -16.0 139.0
-8.0 -16.0 133.0
-10.0 -16.0 134.0
-12.0 -16.0 134.0
-14.0 -16.0 136.0
-16.0 -16.0 137.0
-18.0 -16.0 134.0
-20.0 -16.0 137.0
-22.0 -16.0 137.0
-24.0 -16.0 137.0
-26.0 -16.0 137.0
-28.0 -16.0 143.0
-30.0 -16.0 139.0
-32.0 -16.0 140.0
-34.0 -16.0 141.0
-36.0 -16.0 147.0
-38.0 -16.0 145.0
-40.0 -16.0 147.0
-40.0 -14.0 148.0
-38.0 -14.0 144.0
-36.0 -14.0 141.0
-34.0 -14.0 139.0
-32.0 -14.0 134.0
-30.0 -14.0 134.0
-28.0 -14.0 138.0
-26.0 -14.0 144.0
-24.0 -14.0 146.0
-22.0 -14.0 144.0
-20.0 -14.0 142.0
-18.0 -14.0 142.0
-16.0 -14.0 141.0
-14.0 -14.0 139.0
-12.0 -14.0 139.0
-10.0 -14.0 137.0
-8.0 -14.0 138.0
-6.0 -14.0 134.0
-4.0 -14.0 133.0
-2.0 -14.0 122.0
0.0 -14.0 93.0
2.0 -14.0 83.0
4.0 -14.0 74.0
6.0 -14.0 79.0
8.0 -14.0 105.0
10.0 -14.0 137.0
12.0 -14.0 132.0
14.0 -14.0 134.0
16.0 -14.0 134.0
18.0 -14.0 134.0
20.0 -14.0 137.0
22.0 -14.0 137.0
24.0 -14.0 140.0
26.0 -14.0 133.0
28.0 -14.0 136.0
30.0 -14.0 138.0
32.0 -14.0 146.0
34.0 -14.0 141.0
36.0 -14.0 142.0
38.0 -14.0 144.0
40.0 -14.0 145.0
40.0 -12.0 150.0
38.0 -12.0 153.0
36.0 -12.0 154.0
34.0 -12.0 156.0
32.0 -12.0 164.0
30.0 -12.0 156.0
28.0 -12.0 157.0
26.0 -12.0 153.0
24.0 -12.0 153.0
22.0 -12.0 148.0
20.0 -12.0 146.0
18.0 -12.0 143.0
16.0 -12.0 140.0
14.0 -12.0 139.0
12.0 -12.0 138.0
10.0 -12.0 142.0
8.0 -12.0 137.0
6.0 -12.0 136.0
4.0 -12.0 132.0
2.0 -12.0 133.0
0.0 -12.0 133.0
-2.0 -12.0 132.0
-4.0 -12.0 131.0
-6.0 -12.0 133.0
-8.0 -12.0 128.0
-10.0 -12.0 63.0
-12.0 -12.0 65.0
-14.0 -12.0 59.0
-16.0 -12.0 61.0
-18.0 -12.0 60.0
-20.0 -12.0 62.0
-22.0 -12.0 60.0
-24.0 -12.0 61.0
-26.0 -12.0 62.0
-28.0 -12.0 138.0
-30.0 -12.0 137.0
-32.0 -12.0 139.0
-34.0 -12.0 143.0
-36.0 -12.0 139.0
-38.0 -12.0 143.0
-40.0 -12.0 145.0
-40.0 -10.0 146.0
-38.0 -10.0 144.0
-36.0 -10.0 146.0
-34.0 -10.0 138.0
-32.0 -10.0 134.0
-30.0 -10.0 132.0
-28.0 -10.0 137.0
-26.0 -10.0 145.0
-24.0 -10.0 146.0
-22.0 -10.0 146.0
-20.0 -10.0 143.0
-18.0 -10.0 141.0
-16.0 -10.0 139.0
-14.0 -10.0 144.0
-12.0 -10.0 137.0
-10.0 -10.0 137.0
-8.0 -10.0 78.0
-6.0 -10.0 62.0
-4.0 -10.0 60.0
-2.0 -10.0 60.0
0.0 -10.0 58.0
2.0 -10.0 59.0
4.0 -10.0 59.0
6.0 -10.0 59.0
8.0 -10.0 63.0
10.0 -10.0 128.0
12.0 -10.0 131.0
14.0 -10.0 131.0
16.0 -10.0 131.0
18.0 -10.0 132.0
20.0 -10.0 133.0
22.0 -10.0 132.0
24.0 -10.0 134.0
26.0 -10.0 136.0
28.0 -10.0 137.0
30.0 -10.0 144.0
32.0 -10.0 139.0
34.0 -10.0 140.0
36.0 -10.0 142.0
38.0 -10.0 144.0
40.0 -10.0 144.0
40.0 -8.0 149.0
38.0 -8.0 153.0
36.0 -8.0 154.0
34.0 -8.0 154.0
32.0 -8.0 154.0
30.0 -8.0 153.0
28.0 -8.0 156.0
26.0 -8.0 155.0
24.0 -8.0 147.0
22.0 -8.0 146.0
20.0 -8.0 143.0
18.0 -8.0 142.0
16.0 -8.0 141.0
14.0 -8.0 137.0
12.0 -8.0 136.0
10.0 -8.0 136.0
8.0 -8.0 134.0
6.0 -8.0 137.0
4.0 -8.0 137.0
2.0 -8.0 130.0
0.0 -8.0 132.0
-2.0 -8.0 129.0
-4.0 -8.0 130.0
-6.0 -8.0 132.0
-8.0 -8.0 126.0
-10.0 -8.0 86.0
-12.0 -8.0 62.0
-14.0 -8.0 60.0
-16.0 -8.0 60.0
-18.0 -8.0 62.0
-20.0 -8.0 60.0
-22.0 -8.0 59.0
-24.0 -8.0 60.0
-26.0 -8.0 62.0
-28.0 -8.0 137.0
-30.0 -8.0 137.0
-32.0 -8.0 137.0
-34.0 -8.0 140.0
-36.0 -8.0 141.0
-38.0 -8.0 142.0
-40.0 -8.0 146.0
-40.0 -6.0 144.0
-38.0 -6.0 149.0
-36.0 -6.0 140.0
-34.0 -6.0 134.0
-32.0 -6.0 132.0
-30.0 -6.0 137.0
-28.0 -6.0 133.0
-26.0 -6.0 142.0
-24.0 -6.0 144.0
-22.0 -6.0 144.0
-20.0 -6.0 141.0
-18.0 -6.0 138.0
-16.0 -6.0 139.0
-14.0 -6.0 137.0
-12.0 -6.0 137.0
36.0 20.0 123.0
34.0 20.0 126.0
32.0 20.0 130.0
30.0 20.0 127.0
28.0 20.0 123.0
26.0 20.0 124.0
24.0 20.0 123.0
22.0 20.0 124.0
20.0 20.0 113.0
18.0 20.0 113.0
16.0 20.0 115.0
14.0 20.0 122.0
12.0 20.0 117.0
10.0 20.0 117.0
8.0 20.0 109.0
6.0 20.0 110.0
4.0 20.0 113.0
2.0 20.0 109.0
0.0 20.0 110.0
-2.0 20.0 99.0
-4.0 20.0 95.0
-6.0 20.0 86.0
-8.0 20.0 51.0
-10.0 20.0 48.0
-12.0 20.0 48.0
-14.0 20.0 48.0
-16.0 20.0 45.0
-18.0 20.0 46.0
-20.0 20.0 50.0
-22.0 20.0 52.0
-24.0 20.0 46.0
-26.0 20.0 59.0
-28.0 20.0 107.0
-30.0 20.0 101.0
-32.0 20.0 107.0
-34.0 20.0 105.0
-36.0 20.0 119.0
-38.0 20.0 122.0
-40.0 20.0 127.0
-40.0 22.0 126.0
-38.0 22.0 115.0
-36.0 22.0 107.0
-34.0 22.0 102.0
-32.0 22.0 100.0
-30.0 22.0 101.0
-28.0 22.0 112.0
-26.0 22.0 124.0
-24.0 22.0 125.0
-22.0 22.0 126.0
-20.0 22.0 119.0
-18.0 22.0 123.0
-16.0 22.0 109.0
-14.0 22.0 105.0
-12.0 22.0 105.0
-10.0 22.0 90.0
-8.0 22.0 56.0
-6.0 22.0 54.0
-4.0 22.0 54.0
-2.0 22.0 54.0
0.0 22.0 53.0
2.0 22.0 52.0
4.0 22.0 52.0
6.0 22.0 52.0
8.0 22.0 51.0
10.0 22.0 63.0
12.0 22.0 95.0
14.0 22.0 107.0
16.0 22.0 112.0
18.0 22.0 115.0
20.0 22.0 120.0
22.0 22.0 120.0
24.0 22.0 115.0
26.0 22.0 113.0
28.0 22.0 112.0
30.0 22.0 113.0
32.0 22.0 113.0
34.0 22.0 115.0
36.0 22.0 105.0
38.0 22.0 113.0
40.0 22.0 119.0
40.0 24.0 104.0
38.0 24.0 95.0
36.0 24.0 90.0
34.0 24.0 104.0
32.0 24.0 92.0
30.0 24.0 90.0
28.0 24.0 90.0
26.0 24.0 86.0
24.0 24.0 92.0
22.0 24.0 94.0
20.0 24.0 96.0
18.0 24.0 94.0
16.0 24.0 97.0
14.0 24.0 105.0
12.0 24.0 112.0
10.0 24.0 110.0
8.0 24.0 102.0
6.0 24.0 109.0
4.0 24.0 110.0
2.0 24.0 104.0
0.0 24.0 101.0
-2.0 24.0 107.0
-4.0 24.0 100.0
-6.0 24.0 92.0
-8.0 24.0 53.0
-10.0 24.0 52.0
-12.0 24.0 53.0
-14.0 24.0 56.0
-16.0 24.0 53.0
-18.0 24.0 53.0
-20.0 24.0 52.0
-22.0 24.0 53.0
-24.0 24.0 51.0
-26.0 24.0 58.0
-28.0 24.0 94.0
-30.0 24.0 104.0
-32.0 24.0 112.0
-34.0 24.0 112.0
-36.0 24.0 115.0
-38.0 24.0 110.0
-40.0 24.0 112.0
-40.0 26.0 115.0
-38.0 26.0 109.0
-36.0 26.0 109.0
-34.0 26.0 94.0
-32.0 26.0 92.0
-30.0 26.0 91.0
-28.0 26.0 94.0
-26.0 26.0 105.0
-24.0 26.0 97.0
-22.0 26.0 105.0
-20.0 26.0 92.0
-18.0 26.0 86.0
-16.0 26.0 90.0
-14.0 26.0 94.0
-12.0 26.0 82.0
-10.0 26.0 68.0
-8.0 26.0 50.0
-6.0 26.0 50.0
-4.0 26.0 52.0
-2.0 26.0 51.0
0.0 26.0 49.0
2.0 26.0 53.0
4.0 26.0 50.0
6.0 26.0 53.0
8.0 26.0 52.0
10.0 26.0 57.0
12.0 26.0 91.0
14.0 26.0 88.0
16.0 26.0 94.0
18.0 26.0 84.0
20.0 26.0 95.0
22.0 26.0 100.0
24.0 26.0 99.0
26.0 26.0 107.0
28.0 26.0 100.0
30.0 26.0 90.0
32.0 26.0 86.0
34.0 26.0 87.0
36.0 26.0 83.0
38.0 26.0 73.0
40.0 26.0 68.0
40.0 28.0 68.0
38.0 28.0 52.0
36.0 28.0 56.0
34.0 28.0 39.0
32.0 28.0 51.0
30.0 28.0 52.0
28.0 28.0 44.0
26.0 28.0 34.0
24.0 28.0 48.0
22.0 28.0 59.0
20.0 28.0 66.0
18.0 28.0 72.0
16.0 28.0 65.0
14.0 28.0 75.0
12.0 28.0 84.0
10.0 28.0 83.0
8.0 28.0 92.0
6.0 28.0 90.0
4.0 28.0 89.0
2.0 28.0 68.0
0.0 28.0 97.0
-2.0 28.0 86.0
-4.0 28.0 82.0
-6.0 28.0 70.0
-8.0 28.0 46.0
-10.0 28.0 45.0
-12.0 28.0 45.0
-14.0 28.0 45.0
-16.0 28.0 50.0
-18.0 28.0 46.0
-20.0 28.0 49.0
-22.0 28.0 50.0
-24.0 28.0 49.0
-26.0 28.0 54.0
-28.0 28.0 66.0
-30.0 28.0 86.0
-32.0 28.0 88.0
-34.0 28.0 80.0
-36.0 28.0 83.0
-38.0 28.0 86.0
-40.0 28.0 86.0
-40.0 30.0 66.0
-38.0 30.0 62.0
-36.0 30.0 61.0
-34.0 30.0 57.0
-32.0 30.0 54.0
-30.0 30.0 63.0
-28.0 30.0 51.0
-26.0 30.0 69.0
-24.0 30.0 60.0
-22.0 30.0 57.0
-20.0 30.0 53.0
-18.0 30.0 60.0
-16.0 30.0 62.0
-14.0 30.0 68.0
-12.0 30.0 65.0
-10.0 30.0 49.0
-8.0 30.0 37.0
-6.0 30.0 42.0
-4.0 30.0 46.0
-2.0 30.0 44.0
0.0 30.0 42.0
2.0 30.0 46.0
4.0 30.0 50.0
6.0 30.0 41.0
8.0 30.0 46.0
10.0 30.0 40.0
12.0 30.0 65.0
14.0 30.0 72.0

