40.0 -40.0 5.0
38.0 -40.0 1.0
36.0 -40.0 17.0
34.0 -40.0 14.0
32.0 -40.0 11.0
30.0 -40.0 0.0
28.0 -40.0 0.0
26.0 -40.0 132.0
24.0 -40.0 147.0
22.0 -40.0 155.0
20.0 -40.0 155.0
18.0 -40.0 145.0
16.0 -40.0 143.0
14.0 -40.0 144.0
12.0 -40.0 148.0
10.0 -40.0 149.0
8.0 -40.0 149.0
6.0 -40.0 154.0
4.0 -40.0 149.0
2.0 -40.0 147.0
0.0 -40.0 147.0
-2.0 -40.0 151.0
-4.0 -40.0 146.0
-6.0 -40.0 145.0
-8.0 -40.0 144.0
-10.0 -40.0 153.0
-12.0 -40.0 146.0
-14.0 -40.0 147.0
-16.0 -40.0 147.0
-18.0 -40.0 147.0
-20.0 -40.0 149.0
-22.0 -40.0 150.0
-24.0 -40.0 149.0
-26.0 -40.0 151.0
-28.0 -40.0 151.0
-30.0 -40.0 154.0
-32.0 -40.0 161.0
-34.0 -40.0 156.0
-36.0 -40.0 159.0
-38.0 -40.0 160.0
-40.0 -40.0 172.0
-40.0 -38.0 163.0
-38.0 -38.0 159.0
-36.0 -38.0 155.0
-34.0 -38.0 153.0
-32.0 -38.0 149.0
-30.0 -38.0 150.0
-28.0 -38.0 154.0
-26.0 -38.0 159.0
-24.0 -38.0 168.0
-22.0 -38.0 163.0
-20.0 -38.0 161.0
-18.0 -38.0 157.0
-16.0 -38.0 162.0
-14.0 -38.0 154.0
-12.0 -38.0 151.0
-10.0 -38.0 151.0
-8.0 -38.0 150.0
-6.0 -38.0 149.0
-4.0 -38.0 150.0
-2.0 -38.0 148.0
0.0 -38.0 147.0
2.0 -38.0 147.0
4.0 -38.0 146.0
6.0 -38.0 151.0
8.0 -38.0 145.0
10.0 -38.0 147.0
12.0 -38.0 145.0
14.0 -38.0 151.0
16.0 -38.0 145.0
18.0 -38.0 144.0
20.0 -38.0 144.0
22.0 -38.0 146.0
24.0 -38.0 146.0
26.0 -38.0 149.0
28.0 -38.0 151.0
30.0 -38.0 151.0
32.0 -38.0 151.0
34.0 -38.0 154.0
36.0 -38.0 157.0
38.0 -38.0 156.0
40.0 -38.0 159.0
40.0 -36.0 163.0
38.0 -36.0 168.0
36.0 -36.0 171.0
34.0 -36.0 171.0
32.0 -36.0 171.0
30.0 -36.0 173.0
28.0 -36.0 181.0
26.0 -36.0 171.0
24.0 -36.0 164.0
22.0 -36.0 163.0
20.0 -36.0 165.0
18.0 -36.0 157.0
16.0 -36.0 151.0
14.0 -36.0 154.0
12.0 -36.0 154.0
10.0 -36.0 151.0
8.0 -36.0 150.0
6.0 -36.0 151.0
4.0 -36.0 144.0
2.0 -36.0 148.0
0.0 -36.0 146.0
-2.0 -36.0 149.0
-4.0 -36.0 144.0
-6.0 -36.0 142.0
-8.0 -36.0 143.0
-10.0 -36.0 149.0
-12.0 -36.0 146.0
-14.0 -36.0 145.0
-16.0 -36.0 145.0
-18.0 -36.0 146.0
-20.0 -36.0 146.0
-22.0 -36.0 148.0
-24.0 -36.0 148.0
-26.0 -36.0 150.0
-28.0 -36.0 148.0
-30.0 -36.0 151.0
-32.0 -36.0 159.0
-34.0 -36.0 154.0
-36.0 -36.0 156.0
-38.0 -36.0 158.0
-40.0 -36.0 161.0
-40.0 -34.0 160.0
-38.0 -34.0 156.0
-36.0 -34.0 155.0
-34.0 -34.0 149.0
-32.0 -34.0 150.0
-30.0 -34.0 147.0
-28.0 -34.0 151.0
-26.0 -34.0 159.0
-24.0 -34.0 166.0
-22.0 -34.0 162.0
-20.0 -34.0 160.0
-18.0 -34.0 156.0
-16.0 -34.0 156.0
-14.0 -34.0 154.0
-12.0 -34.0 151.0
-10.0 -34.0 156.0
-8.0 -34.0 150.0
-6.0 -34.0 148.0
-4.0 -34.0 148.0
-2.0 -34.0 154.0
0.0 -34.0 147.0
2.0 -34.0 145.0
4.0 -34.0 145.0
6.0 -34.0 149.0
8.0 -34.0 144.0
10.0 -34.0 145.0
12.0 -34.0 142.0
14.0 -34.0 144.0
16.0 -34.0 145.0
18.0 -34.0 145.0
20.0 -34.0 150.0
22.0 -34.0 146.0
24.0 -34.0 146.0
26.0 -34.0 148.0
28.0 -34.0 153.0
30.0 -34.0 151.0
32.0 -34.0 151.0
34.0 -34.0 154.0
36.0 -34.0 160.0
38.0 -34.0 156.0
40.0 -34.0 160.0
40.0 -32.0 162.0
38.0 -32.0 167.0
36.0 -32.0 180.0
34.0 -32.0 171.0
32.0 -32.0 173.0
30.0 -32.0 171.0
28.0 -32.0 181.0
26.0 -32.0 170.0
24.0 -32.0 163.0
22.0 -32.0 160.0
20.0 -32.0 158.0
18.0 -32.0 155.0
16.0 -32.0 151.0
14.0 -32.0 151.0
12.0 -32.0 151.0
10.0 -32.0 150.0
8.0 -32.0 147.0
6.0 -32.0 154.0
4.0 -32.0 144.0
2.0 -32.0 144.0
0.0 -32.0 143.0
-2.0 -32.0 150.0
-4.0 -32.0 144.0
-6.0 -32.0 142.0
-8.0 -32.0 140.0
-10.0 -32.0 148.0
-12.0 -32.0 144.0
-14.0 -32.0 144.0
-16.0 -32.0 143.0
-18.0 -32.0 149.0
-20.0 -32.0 146.0
-22.0 -32.0 146.0
-24.0 -32.0 151.0
-26.0 -32.0 148.0
-28.0 -32.0 149.0
-30.0 -32.0 149.0
-32.0 -32.0 159.0
-34.0 -32.0 151.0
-36.0 -32.0 155.0
-38.0 -32.0 156.0
-40.0 -32.0 165.0
-40.0 -30.0 160.0
-38.0 -30.0 160.0
-36.0 -30.0 151.0
-34.0 -30.0 150.0
-32.0 -30.0 146.0
-30.0 -30.0 145.0
-28.0 -30.0 149.0
-26.0 -30.0 151.0
-24.0 -30.0 167.0
-22.0 -30.0 159.0
-20.0 -30.0 155.0
-18.0 -30.0 151.0
-16.0 -30.0 153.0
-14.0 -30.0 151.0
-12.0 -30.0 150.0
-10.0 -30.0 147.0
-8.0 -30.0 149.0
-6.0 -30.0 145.0
-4.0 -30.0 145.0
-2.0 -30.0 149.0
0.0 -30.0 144.0
2.0 -30.0 145.0
4.0 -30.0 144.0
6.0 -30.0 150.0
8.0 -30.0 142.0
10.0 -30.0 140.0
12.0 -30.0 141.0
14.0 -30.0 146.0
16.0 -30.0 142.0
18.0 -30.0 144.0
20.0 -30.0 142.0
22.0 -30.0 144.0
24.0 -30.0 144.0
26.0 -30.0 148.0
28.0 -30.0 155.0
30.0 -30.0 149.0
32.0 -30.0 151.0
34.0 -30.0 151.0
36.0 -30.0 159.0
38.0 -30.0 155.0
40.0 -30.0 156.0
40.0 -28.0 161.0
38.0 -28.0 166.0
36.0 -28.0 170.0
34.0 -28.0 171.0
32.0 -28.0 171.0
30.0 -28.0 171.0
28.0 -28.0 165.0
26.0 -28.0 163.0
24.0 -28.0 160.0
22.0 -28.0 158.0
20.0 -28.0 159.0
18.0 -28.0 151.0
16.0 -28.0 150.0
14.0 -28.0 149.0
12.0 -28.0 155.0
10.0 -28.0 144.0
8.0 -28.0 144.0
6.0 -28.0 143.0
4.0 -28.0 140.0
2.0 -28.0 141.0
0.0 -28.0 142.0
-2.0 -28.0 139.0
-4.0 -28.0 138.0
-6.0 -28.0 138.0
-8.0 -28.0 141.0
-10.0 -28.0 148.0
-12.0 -28.0 140.0
-14.0 -28.0 141.0
-16.0 -28.0 139.0
-18.0 -28.0 146.0
-20.0 -28.0 143.0
-22.0 -28.0 141.0
-24.0 -28.0 144.0
-26.0 -28.0 149.0
-28.0 -28.0 145.0
-30.0 -28.0 146.0
-32.0 -28.0 151.0
-34.0 -28.0 148.0
-36.0 -28.0 151.0
-38.0 -28.0 154.0
-40.0 -28.0 161.0
-40.0 -26.0 156.0
-38.0 -26.0 167.0
-36.0 -26.0 154.0
-34.0 -26.0 150.0
-32.0 -26.0 146.0
-30.0 -26.0 149.0
-28.0 -26.0 145.0
-26.0 -26.0 150.0
-24.0 -26.0 155.0
-22.0 -26.0 154.0
-20.0 -26.0 154.0
-18.0 -26.0 151.0
-16.0 -26.0 154.0
-14.0 -26.0 146.0
-12.0 -26.0 144.0
-10.0 -26.0 145.0
-8.0 -26.0 146.0
-6.0 -26.0 142.0
-4.0 -26.0 143.0
-2.0 -26.0 140.0
0.0 -26.0 141.0
2.0 -26.0 141.0
4.0 -26.0 140.0
6.0 -26.0 144.0
8.0 -26.0 140.0
10.0 -26.0 138.0
12.0 -26.0 139.0
14.0 -26.0 144.0
16.0 -26.0 141.0
18.0 -26.0 141.0
20.0 -26.0 139.0
22.0 -26.0 143.0
24.0 -26.0 142.0
26.0 -26.0 145.0
28.0 -26.0 147.0
30.0 -26.0 145.0
32.0 -26.0 147.0
34.0 -26.0 148.0
36.0 -26.0 156.0
38.0 -26.0 151.0
40.0 -26.0 156.0
40.0 -24.0 158.0
38.0 -24.0 162.0
36.0 -24.0 164.0
34.0 -24.0 163.0
32.0 -24.0 163.0
30.0 -24.0 163.0
28.0 -24.0 172.0
26.0 -24.0 161.0
24.0 -24.0 157.0
22.0 -24.0 157.0
20.0 -24.0 157.0
18.0 -24.0 151.0
16.0 -24.0 148.0
14.0 -24.0 146.0
12.0 -24.0 146.0
10.0 -24.0 143.0
8.0 -24.0 140.0
6.0 -24.0 144.0
4.0 -24.0 138.0
2.0 -24.0 138.0
0.0 -24.0 138.0
-2.0 -24.0 142.0
-4.0 -24.0 138.0
-6.0 -24.0 138.0
-8.0 -24.0 136.0
-10.0 -24.0 142.0
-12.0 -24.0 137.0
-14.0 -24.0 137.0
-16.0 -24.0 139.0
-18.0 -24.0 138.0
-20.0 -24.0 138.0
-22.0 -24.0 140.0
-24.0 -24.0 140.0
-26.0 -24.0 141.0
-28.0 -24.0 140.0
-30.0 -24.0 143.0
-32.0 -24.0 148.0
-34.0 -24.0 146.0
-36.0 -24.0 147.0
-38.0 -24.0 148.0
-40.0 -24.0 153.0
-40.0 -22.0 154.0
-38.0 -22.0 158.0
-36.0 -22.0 145.0
-34.0 -22.0 140.0
-32.0 -22.0 137.0
-30.0 -22.0 139.0
-28.0 -22.0 140.0
-26.0 -22.0 148.0
-24.0 -22.0 158.0
-22.0 -22.0 150.0
-20.0 -22.0 146.0
-18.0 -22.0 145.0
-16.0 -22.0 146.0
-14.0 -22.0 142.0
-12.0 -22.0 143.0
-10.0 -22.0 141.0
-8.0 -22.0 141.0
-6.0 -22.0 139.0
-4.0 -22.0 140.0
-2.0 -22.0 144.0
0.0 -22.0 137.0
2.0 -22.0 136.0
4.0 -22.0 137.0
6.0 -22.0 141.0
8.0 -22.0 134.0
10.0 -22.0 134.0
12.0 -22.0 136.0
14.0 -22.0 140.0
16.0 -22.0 137.0
18.0 -22.0 139.0
20.0 -22.0 137.0
22.0 -22.0 138.0
24.0 -22.0 139.0
26.0 -22.0 140.0
28.0 -22.0 142.0
30.0 -22.0 140.0
32.0 -22.0 143.0
34.0 -22.0 145.0
36.0 -22.0 153.0
38.0 -22.0 148.0
40.0 -22.0 150.0
40.0 -20.0 153.0
38.0 -20.0 157.0
36.0 -20.0 160.0
34.0 -20.0 161.0
32.0 -20.0 160.0
30.0 -20.0 160.0
28.0 -20.0 163.0
26.0 -20.0 156.0
24.0 -20.0 154.0
22.0 -20.0 151.0
20.0 -20.0 156.0
18.0 -20.0 148.0
16.0 -20.0 147.0
14.0 -20.0 144.0
12.0 -20.0 147.0
10.0 -20.0 144.0
8.0 -20.0 140.0
6.0 -20.0 137.0
4.0 -20.0 136.0
2.0 -20.0 137.0
0.0 -20.0 138.0
-2.0 -20.0 143.0
-4.0 -20.0 139.0
-6.0 -20.0 137.0
-8.0 -20.0 137.0
-10.0 -20.0 142.0
-12.0 -20.0 138.0
-14.0 -20.0 136.0
-16.0 -20.0 137.0
-18.0 -20.0 137.0
-20.0 -20.0 137.0
-22.0 -20.0 137.0
-24.0 -20.0 144.0
-26.0 -20.0 140.0
-28.0 -20.0 141.0
-30.0 -20.0 141.0
-32.0 -20.0 149.0
-34.0 -20.0 144.0
-36.0 -20.0 146.0
-38.0 -20.0 146.0
-40.0 -20.0 153.0
-40.0 -18.0 150.0
-38.0 -18.0 154.0
-36.0 -18.0 146.0
-34.0 -18.0 142.0
-32.0 -18.0 138.0
-30.0 -18.0 138.0
-28.0 -18.0 136.0
-26.0 -18.0 142.0
-24.0 -18.0 154.0
-22.0 -18.0 147.0
-20.0 -18.0 145.0
-18.0 -18.0 142.0
-16.0 -18.0 142.0
-14.0 -18.0 139.0
-12.0 -18.0 138.0
-10.0 -18.0 136.0
-8.0 -18.0 136.0
-6.0 -18.0 137.0
-4.0 -18.0 137.0
-2.0 -18.0 138.0
0.0 -18.0 134.0
2.0 -18.0 134.0
4.0 -18.0 134.0
6.0 -18.0 134.0
8.0 -18.0 134.0
10.0 -18.0 132.0
12.0 -18.0 132.0
14.0 -18.0 134.0
16.0 -18.0 132.0
18.0 -18.0 134.0
20.0 -18.0 141.0
22.0 -18.0 136.0
24.0 -18.0 133.0
26.0 -18.0 134.0
28.0 -18.0 144.0
30.0 -18.0 139.0
32.0 -18.0 140.0
34.0 -18.0 141.0
36.0 -18.0 148.0
38.0 -18.0 145.0
40.0 -18.0 147.0
40.0 -16.0 150.0
38.0 -16.0 154.0
36.0 -16.0 156.0
34.0 -16.0 156.0
32.0 -16.0 158.0
30.0 -16.0 159.0
28.0 -16.0 167.0
26.0 -16.0 155.0
24.0 -16.0 151.0
22.0 -16.0 150.0
20.0 -16.0 147.0
18.0 -16.0 145.0
16.0 -16.0 143.0
14.0 -16.0 141.0
12.0 -16.0 139.0
10.0 -16.0 138.0
8.0 -16.0 139.0
6.0 -16.0 143.0
4.0 -16.0 131.0
2.0 -16.0 134.0
0.0 -16.0 132.0
-2.0 -16.0 136.0
-4.0 -16.0 134.0
-6.0 -16.0 132.0
-8.0 -16.0 132.0
-10.0 -16.0 131.0
-12.0 -16.0 132.0
-14.0 -16.0 133.0
-16.0 -16.0 137.0
-18.0 -16.0 132.0
-20.0 -16.0 132.0
-22.0 -16.0 133.0
-24.0 -16.0 142.0
-26.0 -16.0 137.0
-28.0 -16.0 136.0
-30.0 -16.0 138.0
-32.0 -16.0 137.0
-34.0 -16.0 139.0
-36.0 -16.0 140.0
-38.0 -16.0 143.0
-40.0 -16.0 146.0
-40.0 -14.0 153.0
-38.0 -14.0 146.0
-36.0 -14.0 143.0
-34.0 -14.0 141.0
-32.0 -14.0 137.0
-30.0 -14.0 134.0
-28.0 -14.0 139.0
-26.0 -14.0 139.0
-24.0 -14.0 150.0
-22.0 -14.0 146.0
-20.0 -14.0 141.0
-18.0 -14.0 141.0
-16.0 -14.0 139.0
-14.0 -14.0 138.0
-12.0 -14.0 137.0
-10.0 -14.0 140.0
-8.0 -14.0 134.0
-6.0 -14.0 134.0
-4.0 -14.0 132.0
-2.0 -14.0 138.0
0.0 -14.0 132.0
2.0 -14.0 132.0
4.0 -14.0 131.0
6.0 -14.0 132.0
8.0 -14.0 131.0
10.0 -14.0 131.0
12.0 -14.0 132.0
14.0 -14.0 130.0
16.0 -14.0 131.0
18.0 -14.0 134.0
20.0 -14.0 140.0
22.0 -14.0 132.0
24.0 -14.0 134.0
26.0 -14.0 136.0
28.0 -14.0 136.0
30.0 -14.0 139.0
32.0 -14.0 138.0
34.0 -14.0 141.0
36.0 -14.0 141.0
38.0 -14.0 145.0
40.0 -14.0 145.0
40.0 -12.0 150.0
38.0 -12.0 151.0
36.0 -12.0 163.0
34.0 -12.0 154.0
32.0 -12.0 154.0
30.0 -12.0 156.0
28.0 -12.0 154.0
26.0 -12.0 151.0
24.0 -12.0 149.0
22.0 -12.0 145.0
20.0 -12.0 143.0
18.0 -12.0 141.0
16.0 -12.0 141.0
14.0 -12.0 145.0
12.0 -12.0 138.0
10.0 -12.0 134.0
8.0 -12.0 134.0
6.0 -12.0 140.0
4.0 -12.0 131.0
2.0 -12.0 131.0
0.0 -12.0 131.0
-2.0 -12.0 134.0
-4.0 -12.0 131.0
-6.0 -12.0 132.0
-8.0 -12.0 131.0
-10.0 -12.0 131.0
-12.0 -12.0 130.0
-14.0 -12.0 132.0
-16.0 -12.0 134.0
-18.0 -12.0 132.0
-20.0 -12.0 131.0
-22.0 -12.0 132.0
-24.0 -12.0 138.0
-26.0 -12.0 134.0
-28.0 -12.0 134.0
-30.0 -12.0 136.0
-32.0 -12.0 140.0
-34.0 -12.0 138.0
-36.0 -12.0 139.0
-38.0 -12.0 143.0
-40.0 -12.0 144.0
-40.0 -10.0 143.0
-38.0 -10.0 141.0
-36.0 -10.0 139.0
-34.0 -10.0 133.0
-32.0 -10.0 140.0
-30.0 -10.0 134.0
-28.0 -10.0 137.0
-26.0 -10.0 140.0
-24.0 -10.0 146.0
-22.0 -10.0 145.0
-20.0 -10.0 143.0
-18.0 -10.0 140.0
-16.0 -10.0 143.0
-14.0 -10.0 134.0
-12.0 -10.0 136.0
-10.0 -10.0 138.0
-8.0 -10.0 132.0
-6.0 -10.0 134.0
-4.0 -10.0 131.0
-2.0 -10.0 133.0
0.0 -10.0 131.0
2.0 -10.0 132.0
4.0 -10.0 128.0
6.0 -10.0 133.0
8.0 -10.0 130.0
10.0 -10.0 130.0
12.0 -10.0 129.0
14.0 -10.0 130.0
16.0 -10.0 129.0
18.0 -10.0 130.0
20.0 -10.0 132.0
22.0 -10.0 131.0
24.0 -10.0 132.0
26.0 -10.0 134.0
28.0 -10.0 141.0
30.0 -10.0 136.0
32.0 -10.0 137.0
34.0 -10.0 139.0
36.0 -10.0 145.0
38.0 -10.0 143.0
40.0 -10.0 145.0
40.0 -8.0 148.0
38.0 -8.0 151.0
36.0 -8.0 154.0
34.0 -8.0 154.0
32.0 -8.0 154.0
30.0 -8.0 154.0
28.0 -8.0 160.0
26.0 -8.0 151.0
24.0 -8.0 145.0
22.0 -8.0 145.0
20.0 -8.0 147.0
18.0 -8.0 141.0
16.0 -8.0 140.0
14.0 -8.0 138.0
12.0 -8.0 141.0
10.0 -8.0 137.0
8.0 -8.0 134.0
6.0 -8.0 132.0
4.0 -8.0 132.0
2.0 -8.0 131.0
0.0 -8.0 131.0
-2.0 -8.0 134.0
-4.0 -8.0 129.0
-6.0 -8.0 129.0
-8.0 -8.0 129.0
-10.0 -8.0 133.0
-12.0 -8.0 129.0
-14.0 -8.0 129.0
-16.0 -8.0 129.0
-18.0 -8.0 130.0
-20.0 -8.0 131.0
-22.0 -8.0 130.0
-24.0 -8.0 138.0
-26.0 -8.0 132.0
-28.0 -8.0 132.0
-30.0 -8.0 134.0
-32.0 -8.0 139.0
-34.0 -8.0 138.0
-36.0 -8.0 138.0
-38.0 -8.0 140.0
-40.0 -8.0 145.0
-40.0 -6.0 143.0
-38.0 -6.0 139.0
-36.0 -6.0 137.0
-34.0 -6.0 132.0
-32.0 -6.0 132.0
-30.0 -6.0 132.0
-28.0 -6.0 134.0
-26.0 -6.0 138.0
-24.0 -6.0 149.0
-22.0 -6.0 143.0
-20.0 -6.0 139.0
-18.0 -6.0 137.0
-16.0 -6.0 133.0
-14.0 -6.0 133.0
-12.0 -6.0 133.0
-10.0 -6.0 133.0
-8.0 -6.0 130.0
-6.0 -6.0 131.0
-4.0 -6.0 131.0
-2.0 -6.0 137.0
0.0 -6.0 130.0
2.0 -6.0 130.0
4.0 -6.0 131.0
6.0 -6.0 132.0
8.0 -6.0 129.0
10.0 -6.0 129.0
12.0 -6.0 128.0
14.0 -6.0 131.0
16.0 -6.0 129.0
18.0 -6.0 132.0
20.0 -6.0 132.0
22.0 -6.0 131.0
24.0 -6.0 131.0
26.0 -6.0 132.0
28.0 -6.0 137.0
30.0 -6.0 134.0
32.0 -6.0 138.0
34.0 -6.0 137.0
36.0 -6.0 137.0
38.0 -6.0 141.0
40.0 -6.0 145.0
40.0 -4.0 147.0
38.0 -4.0 150.0
36.0 -4.0 151.0
34.0 -4.0 150.0
32.0 -4.0 151.0
30.0 -4.0 151.0
28.0 -4.0 154.0
26.0 -4.0 149.0
24.0 -4.0 148.0
22.0 -4.0 145.0
20.0 -4.0 146.0
18.0 -4.0 142.0
16.0 -4.0 138.0
14.0 -4.0 137.0
12.0 -4.0 133.0
10.0 -4.0 134.0
8.0 -4.0 132.0
6.0 -4.0 131.0
4.0 -4.0 131.0
2.0 -4.0 130.0
0.0 -4.0 131.0
-2.0 -4.0 133.0
-4.0 -4.0 126.0
-6.0 -4.0 127.0
-8.0 -4.0 127.0
-10.0 -4.0 131.0
-12.0 -4.0 128.0
-14.0 -4.0 128.0
-16.0 -4.0 130.0
-18.0 -4.0 128.0
-20.0 -4.0 129.0
-22.0 -4.0 131.0
-24.0 -4.0 133.0
-26.0 -4.0 130.0
-28.0 -4.0 132.0
-30.0 -4.0 134.0
-32.0 -4.0 142.0
-34.0 -4.0 134.0
-36.0 -4.0 138.0
-38.0 -4.0 139.0
-40.0 -4.0 142.0
-40.0 -2.0 142.0
-38.0 -2.0 143.0
-36.0 -2.0 138.0
-34.0 -2.0 136.0
-32.0 -2.0 134.0
-30.0 -2.0 134.0
-28.0 -2.0 134.0
-26.0 -2.0 137.0
-24.0 -2.0 144.0
-22.0 -2.0 142.0
-20.0 -2.0 139.0
-18.0 -2.0 137.0
-16.0 -2.0 141.0
-14.0 -2.0 134.0
-12.0 -2.0 132.0
-10.0 -2.0 132.0
-8.0 -2.0 131.0
-6.0 -2.0 132.0
-4.0 -2.0 129.0
-2.0 -2.0 130.0
0.0 -2.0 129.0
2.0 -2.0 129.0
4.0 -2.0 128.0
6.0 -2.0 134.0
8.0 -2.0 127.0
10.0 -2.0 126.0
12.0 -2.0 128.0
14.0 -2.0 131.0
16.0 -2.0 130.0
18.0 -2.0 129.0
20.0 -2.0 131.0
22.0 -2.0 130.0
24.0 -2.0 130.0
26.0 -2.0 131.0
28.0 -2.0 133.0
30.0 -2.0 134.0
32.0 -2.0 134.0
34.0 -2.0 134.0
36.0 -2.0 146.0
38.0 -2.0 139.0
40.0 -2.0 143.0
40.0 0.0 146.0
38.0 0.0 149.0
36.0 0.0 150.0
34.0 0.0 151.0
32.0 0.0 151.0
30.0 0.0 154.0
28.0 0.0 155.0
26.0 0.0 148.0
24.0 0.0 146.0
22.0 0.0 145.0
20.0 0.0 148.0
18.0 0.0 139.0
16.0 0.0 138.0
14.0 0.0 138.0
12.0 0.0 138.0
10.0 0.0 132.0
8.0 0.0 133.0
6.0 0.0 124.0
4.0 0.0 125.0
2.0 0.0 125.0
0.0 0.0 121.0
-2.0 0.0 125.0
-4.0 0.0 123.0
-6.0 0.0 121.0
-8.0 0.0 121.0
-10.0 0.0 125.0
-12.0 0.0 129.0
-14.0 0.0 128.0
-16.0 0.0 127.0
-18.0 0.0 130.0
-20.0 0.0 129.0
-22.0 0.0 131.0
-24.0 0.0 132.0
-26.0 0.0 131.0
-28.0 0.0 132.0
-30.0 0.0 132.0
-32.0 0.0 137.0
-34.0 0.0 136.0
-36.0 0.0 137.0
-38.0 0.0 138.0
-40.0 0.0 146.0
-40.0 2.0 141.0
-38.0 2.0 144.0
-36.0 2.0 137.0
-34.0 2.0 131.0
-32.0 2.0 128.0
-30.0 2.0 126.0
-28.0 2.0 131.0
-26.0 2.0 134.0
-24.0 2.0 148.0
-22.0 2.0 140.0
-20.0 2.0 137.0
-18.0 2.0 136.0
-16.0 2.0 136.0
-14.0 2.0 136.0
-12.0 2.0 134.0
-10.0 2.0 132.0
-8.0 2.0 131.0
-6.0 2.0 131.0
-4.0 2.0 130.0
-2.0 2.0 132.0
0.0 2.0 130.0
2.0 2.0 128.0
4.0 2.0 128.0
6.0 2.0 130.0
8.0 2.0 122.0
10.0 2.0 107.0
12.0 2.0 103.0
14.0 2.0 108.0
16.0 2.0 97.0
18.0 2.0 122.0
20.0 2.0 124.0
22.0 2.0 130.0
24.0 2.0 130.0
26.0 2.0 130.0
28.0 2.0 137.0
30.0 2.0 133.0
32.0 2.0 132.0
34.0 2.0 136.0
36.0 2.0 141.0
38.0 2.0 141.0
40.0 2.0 142.0
40.0 4.0 144.0
38.0 4.0 147.0
36.0 4.0 150.0
34.0 4.0 150.0
32.0 4.0 151.0
30.0 4.0 151.0
28.0 4.0 154.0
26.0 4.0 148.0
24.0 4.0 147.0
22.0 4.0 144.0
20.0 4.0 146.0
18.0 4.0 140.0
16.0 4.0 137.0
14.0 4.0 136.0
12.0 4.0 131.0
10.0 4.0 134.0
8.0 4.0 128.0
6.0 4.0 132.0
4.0 4.0 131.0
2.0 4.0 123.0
0.0 4.0 74.0
-2.0 4.0 67.0
-4.0 4.0 60.0
-6.0 4.0 60.0
-8.0 4.0 59.0
-10.0 4.0 60.0
-12.0 4.0 59.0
-14.0 4.0 59.0
-16.0 4.0 62.0
-18.0 4.0 59.0
-20.0 4.0 123.0
-22.0 4.0 130.0
-24.0 4.0 131.0
-26.0 4.0 130.0
-28.0 4.0 132.0
-30.0 4.0 136.0
-32.0 4.0 134.0
-34.0 4.0 134.0
-36.0 4.0 136.0
-38.0 4.0 145.0
-40.0 4.0 142.0
-40.0 6.0 147.0
-38.0 6.0 141.0
-36.0 6.0 138.0
-34.0 6.0 134.0
-32.0 6.0 130.0
-30.0 6.0 132.0
-28.0 6.0 134.0
-26.0 6.0 140.0
-24.0 6.0 141.0
-22.0 6.0 139.0
-20.0 6.0 140.0
-18.0 6.0 143.0
-16.0 6.0 136.0
-14.0 6.0 134.0
-12.0 6.0 134.0
-10.0 6.0 134.0
-8.0 6.0 131.0
-6.0 6.0 131.0
-4.0 6.0 130.0
-2.0 6.0 130.0
0.0 6.0 61.0
2.0 6.0 59.0
4.0 6.0 65.0
6.0 6.0 61.0
8.0 6.0 59.0
10.0 6.0 59.0
12.0 6.0 60.0
14.0 6.0 59.0
16.0 6.0 60.0
18.0 6.0 67.0
20.0 6.0 122.0
22.0 6.0 130.0
24.0 6.0 130.0
26.0 6.0 125.0
28.0 6.0 133.0
30.0 6.0 136.0
32.0 6.0 143.0
34.0 6.0 137.0
36.0 6.0 136.0
38.0 6.0 139.0
40.0 6.0 146.0
40.0 8.0 144.0
38.0 8.0 157.0
36.0 8.0 149.0
34.0 8.0 151.0
32.0 8.0 150.0
30.0 8.0 140.0
28.0 8.0 136.0
26.0 8.0 140.0
24.0 8.0 138.0
22.0 8.0 134.0
20.0 8.0 136.0
18.0 8.0 134.0
16.0 8.0 136.0
14.0 8.0 132.0
12.0 8.0 133.0
10.0 8.0 130.0
8.0 8.0 130.0
6.0 8.0 131.0
4.0 8.0 128.0
2.0 8.0 123.0
0.0 8.0 71.0
-2.0 8.0 62.0
-4.0 8.0 60.0
-6.0 8.0 65.0
-8.0 8.0 59.0
-10.0 8.0 59.0
-12.0 8.0 59.0
-14.0 8.0 59.0
-16.0 8.0 58.0
-18.0 8.0 59.0
-20.0 8.0 132.0
-22.0 8.0 129.0
-24.0 8.0 127.0
-26.0 8.0 130.0
-28.0 8.0 133.0
-30.0 8.0 134.0
-32.0 8.0 134.0
-34.0 8.0 134.0
-36.0 8.0 138.0
-38.0 8.0 138.0
-40.0 8.0 141.0
-40.0 10.0 141.0
-38.0 10.0 139.0
-36.0 10.0 138.0
-34.0 10.0 130.0
-32.0 10.0 132.0
-30.0 10.0 131.0
-28.0 10.0 137.0
-26.0 10.0 142.0
-24.0 10.0 141.0
-22.0 10.0 139.0
-20.0 10.0 137.0
-18.0 10.0 136.0
-16.0 10.0 134.0
-14.0 10.0 138.0
-12.0 10.0 131.0
-10.0 10.0 131.0
-8.0 10.0 131.0
-6.0 10.0 134.0
-4.0 10.0 129.0
-2.0 10.0 128.0
0.0 10.0 61.0
2.0 10.0 59.0
4.0 10.0 58.0
6.0 10.0 59.0
8.0 10.0 65.0
10.0 10.0 60.0
12.0 10.0 60.0
14.0 10.0 60.0
16.0 10.0 60.0
18.0 10.0 60.0
20.0 10.0 79.0
22.0 10.0 129.0
24.0 10.0 125.0
26.0 10.0 124.0
28.0 10.0 126.0
30.0 10.0 131.0
32.0 10.0 130.0
34.0 10.0 132.0
36.0 10.0 132.0
38.0 10.0 131.0
40.0 10.0 129.0
40.0 12.0 124.0
38.0 12.0 132.0
36.0 12.0 126.0
34.0 12.0 124.0
32.0 12.0 114.0
30.0 12.0 119.0
28.0 12.0 123.0
26.0 12.0 129.0
24.0 12.0 121.0
22.0 12.0 117.0
20.0 12.0 122.0
18.0 12.0 126.0
16.0 12.0 122.0
14.0 12.0 125.0
12.0 12.0 125.0
10.0 12.0 122.0
8.0 12.0 107.0
6.0 12.0 107.0
4.0 12.0 109.0
2.0 12.0 91.0
0.0 12.0 65.0
-2.0 12.0 61.0
-4.0 12.0 62.0
-6.0 12.0 68.0
-8.0 12.0 63.0
-10.0 12.0 60.0
-12.0 12.0 65.0
-14.0 12.0 60.0
-16.0 12.0 61.0
-18.0 12.0 60.0
-20.0 12.0 126.0
-22.0 12.0 124.0
-24.0 12.0 126.0
-26.0 12.0 123.0
-28.0 12.0 129.0
-30.0 12.0 125.0
-32.0 12.0 125.0
-34.0 12.0 127.0
-36.0 12.0 127.0
-38.0 12.0 131.0
-40.0 12.0 133.0
-40.0 14.0 136.0
-38.0 14.0 125.0
-36.0 14.0 113.0
-34.0 14.0 112.0
-32.0 14.0 104.0
-30.0 14.0 101.0
-28.0 14.0 112.0
-26.0 14.0 132.0
-24.0 14.0 136.0
-22.0 14.0 132.0
-20.0 14.0 131.0
-18.0 14.0 125.0
-16.0 14.0 126.0
-14.0 14.0 125.0
-12.0 14.0 125.0
-10.0 14.0 124.0
-8.0 14.0 125.0
-6.0 14.0 128.0
-4.0 14.0 122.0
-2.0 14.0 119.0
0.0 14.0 62.0
2.0 14.0 66.0
4.0 14.0 61.0
6.0 14.0 60.0
8.0 14.0 59.0
10.0 14.0 66.0
12.0 14.0 63.0
14.0 14.0 63.0
16.0 14.0 66.0
18.0 14.0 66.0
20.0 14.0 75.0
22.0 14.0 107.0
24.0 14.0 113.0
26.0 14.0 108.0
28.0 14.0 119.0
30.0 14.0 120.0
32.0 14.0 126.0
34.0 14.0 125.0
36.0 14.0 122.0
38.0 14.0 130.0
40.0 14.0 130.0
40.0 16.0 115.0
38.0 16.0 107.0
36.0 16.0 112.0
34.0 16.0 115.0
32.0 16.0 125.0
30.0 16.0 124.0
28.0 16.0 130.0
26.0 16.0 127.0
24.0 16.0 123.0
22.0 16.0 115.0
20.0 16.0 119.0
18.0 16.0 104.0
16.0 16.0 95.0
14.0 16.0 92.0
12.0 16.0 99.0
10.0 16.0 96.0
8.0 16.0 101.0
6.0 16.0 110.0
4.0 16.0 99.0
2.0 16.0 50.0
0.0 16.0 56.0
-2.0 16.0 57.0
-4.0 16.0 58.0
-6.0 16.0 60.0
-8.0 16.0 60.0
-10.0 16.0 59.0
-12.0 16.0 59.0
-14.0 16.0 57.0
-16.0 16.0 58.0
-18.0 16.0 62.0
-20.0 16.0 113.0
-22.0 16.0 115.0
-24.0 16.0 119.0
-26.0 16.0 117.0
-28.0 16.0 117.0
-30.0 16.0 119.0
-32.0 16.0 120.0
-34.0 16.0 119.0
-36.0 16.0 122.0
-38.0 16.0 123.0
-40.0 16.0 122.0
-40.0 18.0 124.0
-38.0 18.0 108.0
-36.0 18.0 94.0
-34.0 18.0 92.0
-32.0 18.0 88.0
-30.0 18.0 77.0
-28.0 18.0 76.0
-26.0 18.0 86.0
-24.0 18.0 79.0
-22.0 18.0 69.0
-20.0 18.0 66.0
-18.0 18.0 71.0
-16.0 18.0 68.0
-14.0 18.0 75.0
-12.0 18.0 78.0
-10.0 18.0 77.0
-8.0 18.0 75.0
-6.0 18.0 72.0
-4.0 18.0 77.0
-2.0 18.0 65.0
0.0 18.0 54.0
2.0 18.0 53.0
4.0 18.0 57.0
6.0 18.0 54.0
8.0 18.0 50.0
10.0 18.0 46.0
12.0 18.0 52.0
14.0 18.0 53.0
16.0 18.0 54.0
18.0 18.0 49.0
20.0 18.0 71.0
22.0 18.0 91.0
24.0 18.0 96.0
26.0 18.0 92.0
28.0 18.0 97.0
30.0 18.0 105.0
32.0 18.0 113.0
34.0 18.0 104.0
36.0 18.0 126.0
38.0 18.0 126.0
40.0 18.0 126.0
40.0 20.0 122.0
38.0 20.0 136.0
36.0 20.0 127.0
34.0 20.0 129.0
32.0 20.0 124.0
30.0 20.0 124.0
28.0 20.0 113.0
26.0 20.0 113.0
24.0 20.0 115.0
22.0 20.0 117.0
20.0 20.0 121.0
18.0 20.0 121.0
16.0 20.0 123.0
14.0 20.0 115.0
12.0 20.0 123.0
10.0 20.0 121.0
8.0 20.0 110.0
6.0 20.0 110.0
4.0 20.0 108.0
2.0 20.0 73.0
0.0 20.0 66.0
-2.0 20.0 59.0
-4.0 20.0 56.0
-6.0 20.0 53.0
-8.0 20.0 58.0
-10.0 20.0 52.0
-12.0 20.0 56.0
-14.0 20.0 53.0
-16.0 20.0 66.0
-18.0 20.0 73.0
-20.0 20.0 104.0
-22.0 20.0 102.0
-24.0 20.0 104.0
-26.0 20.0 113.0
-28.0 20.0 112.0
-30.0 20.0 113.0
-32.0 20.0 113.0
-34.0 20.0 121.0
-36.0 20.0 123.0
-38.0 20.0 122.0
-40.0 20.0 128.0
-40.0 22.0 128.0
-38.0 22.0 112.0
-36.0 22.0 105.0
-34.0 22.0 110.0
-32.0 22.0 105.0
-30.0 22.0 108.0
-28.0 22.0 104.0
-26.0 22.0 124.0
-24.0 22.0 123.0
-22.0 22.0 130.0
-20.0 22.0 124.0
-18.0 22.0 115.0
-16.0 22.0 119.0
-14.0 22.0 113.0
-12.0 22.0 119.0
-10.0 22.0 113.0
-8.0 22.0 115.0
-6.0 22.0 107.0
-4.0 22.0 104.0
-2.0 22.0 84.0
0.0 22.0 77.0
2.0 22.0 68.0
4.0 22.0 66.0
6.0 22.0 71.0
8.0 22.0 73.0
10.0 22.0 75.0
12.0 22.0 86.0
14.0 22.0 92.0
16.0 22.0 94.0
18.0 22.0 103.0
20.0 22.0 112.0
22.0 22.0 115.0
24.0 22.0 119.0
26.0 22.0 113.0
28.0 22.0 115.0
30.0 22.0 117.0
32.0 22.0 122.0
34.0 22.0 105.0
36.0 22.0 113.0
38.0 22.0 104.0
40.0 22.0 105.0
40.0 24.0 94.0
38.0 24.0 85.0
36.0 24.0 89.0
34.0 24.0 82.0
32.0 24.0 94.0
30.0 24.0 88.0
28.0 24.0 97.0
26.0 24.0 102.0
24.0 24.0 107.0
22.0 24.0 96.0
20.0 24.0 102.0
18.0 24.0 121.0
16.0 24.0 113.0
14.0 24.0 115.0
12.0 24.0 115.0
10.0 24.0 108.0
8.0 24.0 108.0
6.0 24.0 113.0
4.0 24.0 120.0
2.0 24.0 112.0
0.0 24.0 104.0
-2.0 24.0 103.0
-4.0 24.0 100.0
-6.0 24.0 92.0
-8.0 24.0 90.0
-10.0 24.0 83.0
-12.0 24.0 85.0
-14.0 24.0 82.0
-16.0 24.0 94.0
-18.0 24.0 90.0
-20.0 24.0 92.0
-22.0 24.0 102.0
-24.0 24.0 107.0
-26.0 24.0 113.0
-28.0 24.0 110.0
-30.0 24.0 113.0
-32.0 24.0 121.0
-34.0 24.0 123.0
-36.0 24.0 113.0
-38.0 24.0 115.0
-40.0 24.0 119.0
-40.0 26.0 113.0
-38.0 26.0 104.0
-36.0 26.0 100.0
-34.0 26.0 113.0
-32.0 26.0 92.0
-30.0 26.0 91.0
-28.0 26.0 92.0
-26.0 26.0 101.0
-24.0 26.0 112.0
-22.0 26.0 113.0
-20.0 26.0 107.0
-18.0 26.0 99.0
-16.0 26.0 102.0
-14.0 26.0 96.0
-12.0 26.0 92.0
-10.0 26.0 99.0
-8.0 26.0 94.0
-6.0 26.0 91.0
-4.0 26.0 85.0
-2.0 26.0 96.0
0.0 26.0 94.0
2.0 26.0 83.0
4.0 26.0 86.0
6.0 26.0 102.0
8.0 26.0 100.0
10.0 26.0 102.0
12.0 26.0 92.0
14.0 26.0 92.0
16.0 26.0 100.0
18.0 26.0 91.0
20.0 26.0 107.0
22.0 26.0 107.0
24.0 26.0 107.0
26.0 26.0 107.0
28.0 26.0 102.0
30.0 26.0 95.0
32.0 26.0 104.0
34.0 26.0 91.0
36.0 26.0 88.0
38.0 26.0 87.0
40.0 26.0 83.0
40.0 28.0 63.0
38.0 28.0 67.0
36.0 28.0 52.0
34.0 28.0 54.0
32.0 28.0 53.0
30.0 28.0 62.0
28.0 28.0 49.0
26.0 28.0 54.0
24.0 28.0 55.0
22.0 28.0 63.0
20.0 28.0 61.0
18.0 28.0 73.0
16.0 28.0 79.0
14.0 28.0 88.0
12.0 28.0 92.0
10.0 28.0 97.0
8.0 28.0 82.0
6.0 28.0 102.0
4.0 28.0 88.0
2.0 28.0 91.0
0.0 28.0 87.0
-2.0 28.0 72.0
-4.0 28.0 80.0
-6.0 28.0 91.0
-8.0 28.0 94.0
-10.0 28.0 88.0
-12.0 28.0 77.0
-14.0 28.0 83.0
-16.0 28.0 79.0
-18.0 28.0 75.0
-20.0 28.0 73.0
-22.0 28.0 78.0
-24.0 28.0 82.0
-26.0 28.0 83.0
-28.0 28.0 82.0
-30.0 28.0 80.0
-32.0 28.0 78.0
-34.0 28.0 86.0
-36.0 28.0 97.0
-38.0 28.0 90.0
-40.0 28.0 91.0
-40.0 30.0 89.0
-38.0 30.0 77.0
-36.0 30.0 79.0
-34.0 30.0 71.0
-32.0 30.0 73.0
-30.0 30.0 70.0
-28.0 30.0 67.0
-26.0 30.0 67.0
-24.0 30.0 67.0
-22.0 30.0 70.0
-20.0 30.0 62.0
-18.0 30.0 69.0
-16.0 30.0 60.0
-14.0 30.0 60.0
-12.0 30.0 52.0
-10.0 30.0 53.0
-8.0 30.0 54.0
-6.0 30.0 58.0
-4.0 30.0 66.0
-2.0 30.0 72.0
0.0 30.0 57.0
2.0 30.0 57.0
4.0 30.0 62.0
6.0 30.0 68.0
8.0 30.0 75.0
10.0 30.0 71.0
12.0 30.0 68.0
14.0 30.0 61.0
16.0 30.0 73.0
18.0 30.0 68.0
20.0 30.0 86.0
22.0 30.0 79.0
24.0 30.0 68.0
26.0 30.0 61.0
28.0 30.0 68.0
30.0 30.0 65.0
32.0 30.0 65.0
34.0 30.0 52.0
36.0 30.0 35.0
38.0 30.0 50.0
40.0 30.0 38.0
40.0 32.0 35.0
38.0 32.0 37.0
36.0 32.0 19.0
34.0 32.0 25.0
32.0 32.0 24.0
30.0 32.0 41.0
28.0 32.0 32.0
26.0 32.0 37.0
24.0 32.0 25.0
22.0 32.0 37.0
20.0 32.0 37.0
18.0 32.0 31.0
16.0 32.0 31.0
14.0 32.0 35.0
12.0 32.0 39.0
10.0 32.0 53.0
8.0 32.0 26.0
6.0 32.0 44.0
4.0 32.0 43.0
2.0 32.0 56.0
0.0 32.0 72.0
-2.0 32.0 51.0
-4.0 32.0 50.0
-6.0 32.0 49.0
-8.0 32.0 56.0
-10.0 32.0 51.0
-12.0 32.0 46.0
-14.0 32.0 49.0
-16.0 32.0 39.0
-18.0 32.0 52.0
-20.0 32.0 42.0
-22.0 32.0 39.0
-24.0 32.0 39.0
-26.0 32.0 37.0
-28.0 32.0 39.0
-30.0 32.0 54.0
-32.0 32.0 43.0
-34.0 32.0 45.0
-36.0 32.0 45.0
-38.0 32.0 35.0
-40.0 32.0 41.0
-40.0 34.0 41.0
-38.0 34.0 40.0
-36.0 34.0 35.0
-34.0 34.0 35.0
-32.0 34.0 46.0
-30.0 34.0 38.0
-28.0 34.0 37.0
-26.0 34.0 35.0
-24.0 34.0 38.0
-22.0 34.0 27.0
-20.0 34.0 31.0
-18.0 34.0 25.0
-16.0 34.0 32.0
-14.0 34.0 30.0
-12.0 34.0 37.0
-10.0 34.0 37.0
-8.0 34.0 35.0
-6.0 34.0 34.0
-4.0 34.0 34.0
-2.0 34.0 37.0
0.0 34.0 37.0
2.0 34.0 37.0
4.0 34.0 43.0
6.0 34.0 49.0
8.0 34.0 45.0
10.0 34.0 39.0
12.0 34.0 41.0
14.0 34.0 54.0
16.0 34.0 48.0
18.0 34.0 42.0
20.0 34.0 37.0
22.0 34.0 41.0
24.0 34.0 43.0
26.0 34.0 49.0
28.0 34.0 30.0
30.0 34.0 38.0
32.0 34.0 27.0
34.0 34.0 31.0
36.0 34.0 31.0
38.0 34.0 24.0
40.0 34.0 30.0
40.0 36.0 21.0
38.0 36.0 17.0
36.0 36.0 20.0
34.0 36.0 9.0
32.0 36.0 9.0
30.0 36.0 14.0
28.0 36.0 11.0
26.0 36.0 6.0
24.0 36.0 17.0
22.0 36.0 21.0
20.0 36.0 21.0
18.0 36.0 24.0
16.0 36.0 20.0
14.0 36.0 21.0
12.0 36.0 25.0
10.0 36.0 22.0
8.0 36.0 25.0
6.0 36.0 27.0
4.0 36.0 26.0
2.0 36.0 21.0
0.0 36.0 24.0
-2.0 36.0 35.0
-4.0 36.0 35.0
-6.0 36.0 35.0
-8.0 36.0 34.0
-10.0 36.0 32.0
-12.0 36.0 31.0
-14.0 36.0 26.0
-16.0 36.0 25.0
-18.0 36.0 32.0
-20.0 36.0 26.0
-22.0 36.0 35.0
-24.0 36.0 30.0
-26.0 36.0 32.0
-28.0 36.0 25.0
-30.0 36.0 16.0
-32.0 36.0 35.0
-34.0 36.0 25.0
-36.0 36.0 26.0
-38.0 36.0 32.0
-40.0 36.0 26.0
-40.0 38.0 14.0
-38.0 38.0 37.0
-36.0 38.0 34.0
-34.0 38.0 27.0
-32.0 38.0 31.0
-30.0 38.0 14.0
-28.0 38.0 19.0
-26.0 38.0 14.0
-24.0 38.0 16.0
-22.0 38.0 21.0
-20.0 38.0 17.0
-18.0 38.0 17.0
-16.0 38.0 15.0
-14.0 38.0 19.0
-12.0 38.0 20.0
-10.0 38.0 12.0
-8.0 38.0 15.0
-6.0 38.0 12.0
-4.0 38.0 21.0
-2.0 38.0 10.0
0.0 38.0 15.0
2.0 38.0 21.0
4.0 38.0 24.0
6.0 38.0 20.0
8.0 38.0 25.0
10.0 38.0 14.0
12.0 38.0 20.0
14.0 38.0 19.0
16.0 38.0 12.0
18.0 38.0 19.0
20.0 38.0 22.0
22.0 38.0 12.0
24.0 38.0 19.0
26.0 38.0 17.0
28.0 38.0 19.0
30.0 38.0 21.0
32.0 38.0 15.0
34.0 38.0 12.0
36.0 38.0 15.0
38.0 38.0 9.0
40.0 38.0 17.0
40.0 40.0 9.0
38.0 40.0 6.0
36.0 40.0 12.0
34.0 40.0 2.0
32.0 40.0 1.0
30.0 40.0 1.0
28.0 40.0 4.0
26.0 40.0 9.0
24.0 40.0 10.0
22.0 40.0 6.0
20.0 40.0 9.0
18.0 40.0 10.0
16.0 40.0 12.0
14.0 40.0 17.0
12.0 40.0 15.0
10.0 40.0 14.0
8.0 40.0 12.0
6.0 40.0 10.0
4.0 40.0 10.0
2.0 40.0 12.0
0.0 40.0 12.0
-2.0 40.0 20.0
-4.0 40.0 10.0
-6.0 40.0 21.0
-8.0 40.0 19.0
-10.0 40.0 20.0
-12.0 40.0 12.0
-14.0 40.0 12.0
-16.0 40.0 5.0
-18.0 40.0 16.0
-20.0 40.0 10.0
-22.0 40.0 16.0
-24.0 40.0 6.0
-26.0 40.0 16.0
-28.0 40.0 15.0
-30.0 40.0 15.0
-32.0 40.0 6.0
-34.0 40.0 19.0
-36.0 40.0 10.0
-38.0 40.0 15.0
-40.0 40.0 16.0
-40.0 42.0 14.0
-38.0 42.0 17.0
-36.0 42.0 16.0
-34.0 42.0 10.0
-32.0 42.0 12.0
-30.0 42.0 10.0
-28.0 42.0 6.0
-26.0 42.0 6.0
-24.0 42.0 10.0
-22.0 42.0 0.0
-20.0 42.0 10.0
-18.0 42.0 14.0
-16.0 42.0 12.0
-14.0 42.0 10.0
-12.0 42.0 2.0
-10.0 42.0 12.0
-8.0 42.0 1.0
-6.0 42.0 9.0
-4.0 42.0 6.0
-2.0 42.0 2.0
0.0 42.0 10.0
2.0 42.0 10.0
4.0 42.0 10.0
6.0 42.0 9.0
8.0 42.0 12.0
10.0 42.0 10.0
12.0 42.0 10.0
14.0 42.0 12.0
16.0 42.0 10.0
18.0 42.0 6.0
20.0 42.0 10.0
22.0 42.0 2.0
24.0 42.0 16.0
26.0 42.0 12.0
28.0 42.0 1.0
30.0 42.0 2.0
32.0 42.0 5.0
34.0 42.0 9.0
36.0 42.0 9.0
38.0 42.0 5.0
40.0 42.0 10.0
