40.0 -40.0 4.0
38.0 -40.0 16.0
36.0 -40.0 11.0
34.0 -40.0 17.0
32.0 -40.0 0.0
30.0 -40.0 5253.0
28.0 -40.0 138.0
26.0 -40.0 133.0
24.0 -40.0 153.0
22.0 -40.0 153.0
20.0 -40.0 144.0
18.0 -40.0 147.0
16.0 -40.0 144.0
14.0 -40.0 145.0
12.0 -40.0 150.0
10.0 -40.0 154.0
8.0 -40.0 149.0
6.0 -40.0 146.0
4.0 -40.0 145.0
2.0 -40.0 145.0
0.0 -40.0 144.0
-2.0 -40.0 145.0
-4.0 -40.0 143.0
-6.0 -40.0 144.0
-8.0 -40.0 143.0
-10.0 -40.0 146.0
-12.0 -40.0 148.0
-14.0 -40.0 146.0
-16.0 -40.0 147.0
-18.0 -40.0 146.0
-20.0 -40.0 154.0
-22.0 -40.0 149.0
-24.0 -40.0 150.0
-26.0 -40.0 151.0
-28.0 -40.0 155.0
-30.0 -40.0 151.0
-32.0 -40.0 155.0
-34.0 -40.0 156.0
-36.0 -40.0 157.0
-38.0 -40.0 159.0
-40.0 -40.0 160.0
-40.0 -38.0 160.0
-38.0 -38.0 158.0
-36.0 -38.0 154.0
-34.0 -38.0 148.0
-32.0 -38.0 147.0
-30.0 -38.0 150.0
-28.0 -38.0 150.0
-26.0 -38.0 154.0
-24.0 -38.0 161.0
-22.0 -38.0 161.0
-20.0 -38.0 156.0
-18.0 -38.0 155.0
-16.0 -38.0 154.0
-14.0 -38.0 158.0
-12.0 -38.0 151.0
-10.0 -38.0 150.0
-8.0 -38.0 149.0
-6.0 -38.0 155.0
-4.0 -38.0 148.0
-2.0 -38.0 147.0
0.0 -38.0 146.0
2.0 -38.0 149.0
4.0 -38.0 145.0
6.0 -38.0 147.0
8.0 -38.0 147.0
10.0 -38.0 146.0
12.0 -38.0 144.0
14.0 -38.0 143.0
16.0 -38.0 148.0
18.0 -38.0 146.0
20.0 -38.0 146.0
22.0 -38.0 147.0
24.0 -38.0 151.0
26.0 -38.0 150.0
28.0 -38.0 149.0
30.0 -38.0 151.0
32.0 -38.0 154.0
34.0 -38.0 154.0
36.0 -38.0 154.0
38.0 -38.0 162.0
40.0 -38.0 160.0
40.0 -36.0 170.0
38.0 -36.0 165.0
36.0 -36.0 171.0
34.0 -36.0 171.0
32.0 -36.0 171.0
30.0 -36.0 173.0
28.0 -36.0 173.0
26.0 -36.0 166.0
24.0 -36.0 163.0
22.0 -36.0 160.0
20.0 -36.0 160.0
18.0 -36.0 158.0
16.0 -36.0 154.0
14.0 -36.0 154.0
12.0 -36.0 154.0
10.0 -36.0 159.0
8.0 -36.0 150.0
6.0 -36.0 149.0
4.0 -36.0 146.0
2.0 -36.0 146.0
0.0 -36.0 144.0
-2.0 -36.0 145.0
-4.0 -36.0 143.0
-6.0 -36.0 145.0
-8.0 -36.0 144.0
-10.0 -36.0 146.0
-12.0 -36.0 151.0
-14.0 -36.0 146.0
-16.0 -36.0 146.0
-18.0 -36.0 146.0
-20.0 -36.0 149.0
-22.0 -36.0 147.0
-24.0 -36.0 150.0
-26.0 -36.0 149.0
-28.0 -36.0 151.0
-30.0 -36.0 151.0
-32.0 -36.0 154.0
-34.0 -36.0 162.0
-36.0 -36.0 156.0
-38.0 -36.0 158.0
-40.0 -36.0 159.0
-40.0 -34.0 160.0
-38.0 -34.0 157.0
-36.0 -34.0 154.0
-34.0 -34.0 151.0
-32.0 -34.0 151.0
-30.0 -34.0 151.0
-28.0 -34.0 154.0
-26.0 -34.0 156.0
-24.0 -34.0 163.0
-22.0 -34.0 164.0
-20.0 -34.0 160.0
-18.0 -34.0 154.0
-16.0 -34.0 154.0
-14.0 -34.0 156.0
-12.0 -34.0 151.0
-10.0 -34.0 150.0
-8.0 -34.0 146.0
-6.0 -34.0 147.0
-4.0 -34.0 148.0
-2.0 -34.0 148.0
0.0 -34.0 147.0
2.0 -34.0 145.0
4.0 -34.0 144.0
6.0 -34.0 145.0
8.0 -34.0 151.0
10.0 -34.0 143.0
12.0 -34.0 145.0
14.0 -34.0 145.0
16.0 -34.0 151.0
18.0 -34.0 145.0
20.0 -34.0 146.0
22.0 -34.0 145.0
24.0 -34.0 146.0
26.0 -34.0 149.0
28.0 -34.0 149.0
30.0 -34.0 150.0
32.0 -34.0 154.0
34.0 -34.0 154.0
36.0 -34.0 154.0
38.0 -34.0 163.0
40.0 -34.0 161.0
40.0 -32.0 171.0
38.0 -32.0 166.0
36.0 -32.0 171.0
34.0 -32.0 173.0
32.0 -32.0 173.0
30.0 -32.0 173.0
28.0 -32.0 168.0
26.0 -32.0 172.0
24.0 -32.0 163.0
22.0 -32.0 160.0
20.0 -32.0 160.0
18.0 -32.0 161.0
16.0 -32.0 155.0
14.0 -32.0 151.0
12.0 -32.0 154.0
10.0 -32.0 161.0
8.0 -32.0 150.0
6.0 -32.0 149.0
4.0 -32.0 145.0
2.0 -32.0 147.0
0.0 -32.0 145.0
-2.0 -32.0 143.0
-4.0 -32.0 142.0
-6.0 -32.0 143.0
-8.0 -32.0 143.0
-10.0 -32.0 145.0
-12.0 -32.0 150.0
-14.0 -32.0 144.0
-16.0 -32.0 144.0
-18.0 -32.0 147.0
-20.0 -32.0 154.0
-22.0 -32.0 147.0
-24.0 -32.0 147.0
-26.0 -32.0 148.0
-28.0 -32.0 149.0
-30.0 -32.0 151.0
-32.0 -32.0 151.0
-34.0 -32.0 154.0
-36.0 -32.0 155.0
-38.0 -32.0 157.0
-40.0 -32.0 161.0
-40.0 -30.0 160.0
-38.0 -30.0 160.0
-36.0 -30.0 161.0
-34.0 -30.0 150.0
-32.0 -30.0 148.0
-30.0 -30.0 147.0
-28.0 -30.0 154.0
-26.0 -30.0 155.0
-24.0 -30.0 160.0
-22.0 -30.0 158.0
-20.0 -30.0 157.0
-18.0 -30.0 154.0
-16.0 -30.0 150.0
-14.0 -30.0 151.0
-12.0 -30.0 149.0
-10.0 -30.0 148.0
-8.0 -30.0 148.0
-6.0 -30.0 150.0
-4.0 -30.0 144.0
-2.0 -30.0 145.0
0.0 -30.0 144.0
2.0 -30.0 150.0
4.0 -30.0 143.0
6.0 -30.0 142.0
8.0 -30.0 143.0
10.0 -30.0 141.0
12.0 -30.0 142.0
14.0 -30.0 141.0
16.0 -30.0 142.0
18.0 -30.0 142.0
20.0 -30.0 139.0
22.0 -30.0 143.0
24.0 -30.0 149.0
26.0 -30.0 145.0
28.0 -30.0 148.0
30.0 -30.0 148.0
32.0 -30.0 158.0
34.0 -30.0 151.0
36.0 -30.0 154.0
38.0 -30.0 153.0
40.0 -30.0 162.0
40.0 -28.0 161.0
38.0 -28.0 162.0
36.0 -28.0 168.0
34.0 -28.0 168.0
32.0 -28.0 168.0
30.0 -28.0 167.0
28.0 -28.0 168.0
26.0 -28.0 168.0
24.0 -28.0 171.0
22.0 -28.0 161.0
20.0 -28.0 156.0
18.0 -28.0 151.0
16.0 -28.0 151.0
14.0 -28.0 150.0
12.0 -28.0 148.0
10.0 -28.0 147.0
8.0 -28.0 146.0
6.0 -28.0 145.0
4.0 -28.0 142.0
2.0 -28.0 149.0
0.0 -28.0 142.0
-2.0 -28.0 141.0
-4.0 -28.0 141.0
-6.0 -28.0 141.0
-8.0 -28.0 138.0
-10.0 -28.0 141.0
-12.0 -28.0 139.0
-14.0 -28.0 142.0
-16.0 -28.0 141.0
-18.0 -28.0 143.0
-20.0 -28.0 144.0
-22.0 -28.0 143.0
-24.0 -28.0 143.0
-26.0 -28.0 144.0
-28.0 -28.0 151.0
-30.0 -28.0 146.0
-32.0 -28.0 148.0
-34.0 -28.0 150.0
-36.0 -28.0 151.0
-38.0 -28.0 155.0
-40.0 -28.0 155.0
-40.0 -26.0 156.0
-38.0 -26.0 153.0
-36.0 -26.0 149.0
-34.0 -26.0 147.0
-32.0 -26.0 145.0
-30.0 -26.0 145.0
-28.0 -26.0 151.0
-26.0 -26.0 154.0
-24.0 -26.0 154.0
-22.0 -26.0 151.0
-20.0 -26.0 149.0
-18.0 -26.0 150.0
-16.0 -26.0 150.0
-14.0 -26.0 146.0
-12.0 -26.0 145.0
-10.0 -26.0 144.0
-8.0 -26.0 144.0
-6.0 -26.0 144.0
-4.0 -26.0 144.0
-2.0 -26.0 140.0
0.0 -26.0 141.0
2.0 -26.0 144.0
4.0 -26.0 139.0
6.0 -26.0 140.0
8.0 -26.0 141.0
10.0 -26.0 142.0
12.0 -26.0 136.0
14.0 -26.0 138.0
16.0 -26.0 138.0
18.0 -26.0 146.0
20.0 -26.0 140.0
22.0 -26.0 141.0
24.0 -26.0 141.0
26.0 -26.0 144.0
28.0 -26.0 144.0
30.0 -26.0 147.0
32.0 -26.0 155.0
34.0 -26.0 148.0
36.0 -26.0 150.0
38.0 -26.0 150.0
40.0 -26.0 164.0
40.0 -24.0 157.0
38.0 -24.0 159.0
36.0 -24.0 166.0
34.0 -24.0 164.0
32.0 -24.0 164.0
30.0 -24.0 163.0
28.0 -24.0 163.0
26.0 -24.0 166.0
24.0 -24.0 168.0
22.0 -24.0 156.0
20.0 -24.0 151.0
18.0 -24.0 150.0
16.0 -24.0 151.0
14.0 -24.0 146.0
12.0 -24.0 145.0
10.0 -24.0 145.0
8.0 -24.0 142.0
6.0 -24.0 139.0
4.0 -24.0 139.0
2.0 -24.0 139.0
0.0 -24.0 140.0
-2.0 -24.0 139.0
-4.0 -24.0 139.0
-6.0 -24.0 143.0
-8.0 -24.0 137.0
-10.0 -24.0 136.0
-12.0 -24.0 137.0
-14.0 -24.0 137.0
-16.0 -24.0 137.0
-18.0 -24.0 138.0
-20.0 -24.0 136.0
-22.0 -24.0 140.0
-24.0 -24.0 141.0
-26.0 -24.0 140.0
-28.0 -24.0 148.0
-30.0 -24.0 145.0
-32.0 -24.0 144.0
-34.0 -24.0 146.0
-36.0 -24.0 158.0
-38.0 -24.0 149.0
-40.0 -24.0 151.0
-40.0 -22.0 154.0
-38.0 -22.0 148.0
-36.0 -22.0 142.0
-34.0 -22.0 143.0
-32.0 -22.0 139.0
-30.0 -22.0 140.0
-28.0 -22.0 143.0
-26.0 -22.0 150.0
-24.0 -22.0 149.0
-22.0 -22.0 147.0
-20.0 -22.0 153.0
-18.0 -22.0 145.0
-16.0 -22.0 145.0
-14.0 -22.0 144.0
-12.0 -22.0 148.0
-10.0 -22.0 141.0
-8.0 -22.0 140.0
-6.0 -22.0 141.0
-4.0 -22.0 138.0
-2.0 -22.0 137.0
0.0 -22.0 136.0
2.0 -22.0 134.0
4.0 -22.0 134.0
6.0 -22.0 134.0
8.0 -22.0 133.0
10.0 -22.0 142.0
12.0 -22.0 136.0
14.0 -22.0 136.0
16.0 -22.0 137.0
18.0 -22.0 144.0
20.0 -22.0 137.0
22.0 -22.0 139.0
24.0 -22.0 139.0
26.0 -22.0 142.0
28.0 -22.0 143.0
30.0 -22.0 144.0
32.0 -22.0 145.0
34.0 -22.0 144.0
36.0 -22.0 148.0
38.0 -22.0 150.0
40.0 -22.0 158.0
40.0 -20.0 151.0
38.0 -20.0 165.0
36.0 -20.0 158.0
34.0 -20.0 159.0
32.0 -20.0 158.0
30.0 -20.0 155.0
28.0 -20.0 156.0
26.0 -20.0 157.0
24.0 -20.0 157.0
22.0 -20.0 157.0
20.0 -20.0 157.0
18.0 -20.0 158.0
16.0 -20.0 157.0
14.0 -20.0 157.0
12.0 -20.0 157.0
10.0 -20.0 156.0
8.0 -20.0 156.0
6.0 -20.0 156.0
4.0 -20.0 155.0
2.0 -20.0 157.0
0.0 -20.0 157.0
-2.0 -20.0 156.0
-4.0 -20.0 157.0
-6.0 -20.0 156.0
-8.0 -20.0 158.0
-10.0 -20.0 155.0
-12.0 -20.0 157.0
-14.0 -20.0 157.0
-16.0 -20.0 157.0
-18.0 -20.0 156.0
-20.0 -20.0 156.0
-22.0 -20.0 167.0
-24.0 -20.0 165.0
-26.0 -20.0 158.0
-28.0 -20.0 149.0
-30.0 -20.0 144.0
-32.0 -20.0 141.0
-34.0 -20.0 133.0
-36.0 -20.0 137.0
-38.0 -20.0 133.0
-40.0 -20.0 136.0
-40.0 -18.0 144.0
-38.0 -18.0 144.0
-36.0 -18.0 130.0
-34.0 -18.0 129.0
-32.0 -18.0 128.0
-30.0 -18.0 132.0
-28.0 -18.0 144.0
-26.0 -18.0 151.0
-24.0 -18.0 148.0
-22.0 -18.0 146.0
-20.0 -18.0 149.0
-18.0 -18.0 144.0
-16.0 -18.0 142.0
-14.0 -18.0 141.0
-12.0 -18.0 146.0
-10.0 -18.0 138.0
-8.0 -18.0 139.0
-6.0 -18.0 138.0
-4.0 -18.0 143.0
-2.0 -18.0 137.0
0.0 -18.0 134.0
2.0 -18.0 134.0
4.0 -18.0 132.0
6.0 -18.0 132.0
8.0 -18.0 134.0
10.0 -18.0 140.0
12.0 -18.0 134.0
14.0 -18.0 133.0
16.0 -18.0 134.0
18.0 -18.0 140.0
20.0 -18.0 134.0
22.0 -18.0 134.0
24.0 -18.0 134.0
26.0 -18.0 136.0
28.0 -18.0 136.0
30.0 -18.0 138.0
32.0 -18.0 144.0
34.0 -18.0 142.0
36.0 -18.0 143.0
38.0 -18.0 144.0
40.0 -18.0 153.0
40.0 -16.0 150.0
38.0 -16.0 156.0
36.0 -16.0 156.0
34.0 -16.0 157.0
32.0 -16.0 156.0
30.0 -16.0 155.0
28.0 -16.0 155.0
26.0 -16.0 157.0
24.0 -16.0 155.0
22.0 -16.0 148.0
20.0 -16.0 146.0
18.0 -16.0 145.0
16.0 -16.0 149.0
14.0 -16.0 142.0
12.0 -16.0 139.0
10.0 -16.0 138.0
8.0 -16.0 136.0
6.0 -16.0 136.0
4.0 -16.0 134.0
2.0 -16.0 134.0
0.0 -16.0 134.0
-2.0 -16.0 131.0
-4.0 -16.0 132.0
-6.0 -16.0 140.0
-8.0 -16.0 132.0
-10.0 -16.0 131.0
-12.0 -16.0 132.0
-14.0 -16.0 141.0
-16.0 -16.0 134.0
-18.0 -16.0 132.0
-20.0 -16.0 136.0
-22.0 -16.0 143.0
-24.0 -16.0 136.0
-26.0 -16.0 137.0
-28.0 -16.0 136.0
-30.0 -16.0 137.0
-32.0 -16.0 137.0
-34.0 -16.0 142.0
-36.0 -16.0 150.0
-38.0 -16.0 144.0
-40.0 -16.0 145.0
-40.0 -14.0 148.0
-38.0 -14.0 145.0
-36.0 -14.0 140.0
-34.0 -14.0 138.0
-32.0 -14.0 133.0
-30.0 -14.0 134.0
-28.0 -14.0 136.0
-26.0 -14.0 144.0
-24.0 -14.0 146.0
-22.0 -14.0 145.0
-20.0 -14.0 147.0
-18.0 -14.0 140.0
-16.0 -14.0 137.0
-14.0 -14.0 137.0
-12.0 -14.0 142.0
-10.0 -14.0 137.0
-8.0 -14.0 134.0
-6.0 -14.0 134.0
-4.0 -14.0 133.0
-2.0 -14.0 90.0
0.0 -14.0 125.0
2.0 -14.0 131.0
4.0 -14.0 139.0
6.0 -14.0 131.0
8.0 -14.0 131.0
10.0 -14.0 131.0
12.0 -14.0 138.0
14.0 -14.0 130.0
16.0 -14.0 91.0
18.0 -14.0 2868.0
20.0 -14.0 134.0
22.0 -14.0 132.0
24.0 -14.0 142.0
26.0 -14.0 134.0
28.0 -14.0 136.0
30.0 -14.0 138.0
32.0 -14.0 140.0
34.0 -14.0 140.0
36.0 -14.0 142.0
38.0 -14.0 143.0
40.0 -14.0 145.0
40.0 -12.0 156.0
38.0 -12.0 151.0
36.0 -12.0 154.0
34.0 -12.0 155.0
32.0 -12.0 154.0
30.0 -12.0 154.0
28.0 -12.0 156.0
26.0 -12.0 149.0
24.0 -12.0 149.0
22.0 -12.0 146.0
20.0 -12.0 145.0
18.0 -12.0 144.0
16.0 -12.0 138.0
14.0 -12.0 137.0
12.0 -12.0 138.0
10.0 -12.0 142.0
8.0 -12.0 137.0
6.0 -12.0 134.0
4.0 -12.0 134.0
2.0 -12.0 139.0
0.0 -12.0 0.0
-2.0 -12.0 124.0
-4.0 -12.0 131.0
-6.0 -12.0 131.0
-8.0 -12.0 131.0
-10.0 -12.0 129.0
-12.0 -12.0 129.0
-14.0 -12.0 131.0
-16.0 -12.0 133.0
-18.0 -12.0 0.0
-20.0 -12.0 71.0
-22.0 -12.0 129.0
-24.0 -12.0 132.0
-26.0 -12.0 134.0
-28.0 -12.0 136.0
-30.0 -12.0 136.0
-32.0 -12.0 137.0
-34.0 -12.0 144.0
-36.0 -12.0 139.0
-38.0 -12.0 143.0
-40.0 -12.0 144.0
-40.0 -10.0 144.0
-38.0 -10.0 142.0
-36.0 -10.0 138.0
-34.0 -10.0 134.0
-32.0 -10.0 134.0
-30.0 -10.0 134.0
-28.0 -10.0 134.0
-26.0 -10.0 144.0
-24.0 -10.0 144.0
-22.0 -10.0 147.0
-20.0 -10.0 142.0
-18.0 -10.0 140.0
-16.0 -10.0 140.0
-14.0 -10.0 144.0
-12.0 -10.0 137.0
-10.0 -10.0 136.0
-8.0 -10.0 133.0
-6.0 -10.0 132.0
-4.0 -10.0 94.0
-2.0 -10.0 60.0
0.0 -10.0 129.0
2.0 -10.0 130.0
4.0 -10.0 129.0
6.0 -10.0 131.0
8.0 -10.0 131.0
10.0 -10.0 130.0
12.0 -10.0 130.0
14.0 -10.0 130.0
16.0 -10.0 108.0
18.0 -10.0 0.0
20.0 -10.0 136.0
22.0 -10.0 134.0
24.0 -10.0 132.0
26.0 -10.0 134.0
28.0 -10.0 141.0
30.0 -10.0 136.0
32.0 -10.0 137.0
34.0 -10.0 138.0
36.0 -10.0 139.0
38.0 -10.0 141.0
40.0 -10.0 142.0
40.0 -8.0 147.0
38.0 -8.0 149.0
36.0 -8.0 160.0
34.0 -8.0 154.0
32.0 -8.0 154.0
30.0 -8.0 154.0
28.0 -8.0 161.0
14.0 26.0 37.0
16.0 26.0 37.0
18.0 26.0 43.0
20.0 26.0 71.0
22.0 26.0 100.0
24.0 26.0 94.0
26.0 26.0 105.0
28.0 26.0 88.0
30.0 26.0 89.0
32.0 26.0 83.0
34.0 26.0 87.0
36.0 26.0 75.0
38.0 26.0 79.0
40.0 26.0 75.0
40.0 28.0 71.0
38.0 28.0 61.0
36.0 28.0 56.0
34.0 28.0 57.0
32.0 28.0 57.0
30.0 28.0 53.0
28.0 28.0 56.0
26.0 28.0 55.0
24.0 28.0 56.0
22.0 28.0 57.0
20.0 28.0 72.0
18.0 28.0 73.0
16.0 28.0 77.0
14.0 28.0 88.0
12.0 28.0 91.0
10.0 28.0 80.0
8.0 28.0 85.0
6.0 28.0 58.0
4.0 28.0 27.0
2.0 28.0 20.0
0.0 28.0 26.0
-2.0 28.0 54.0
-4.0 28.0 80.0
-6.0 28.0 73.0
-8.0 28.0 94.0
-10.0 28.0 62.0
-12.0 28.0 54.0
-14.0 28.0 38.0
-16.0 28.0 32.0
-18.0 28.0 17.0
-20.0 28.0 26.0
-22.0 28.0 56.0
-24.0 28.0 70.0
-26.0 28.0 62.0
-28.0 28.0 83.0
-30.0 28.0 79.0
-32.0 28.0 78.0
-34.0 28.0 87.0
-36.0 28.0 78.0
-38.0 28.0 78.0
-40.0 28.0 79.0
-40.0 30.0 88.0
-38.0 30.0 73.0
-36.0 30.0 68.0
-34.0 30.0 59.0
-32.0 30.0 57.0
-30.0 30.0 57.0
-28.0 30.0 65.0
-26.0 30.0 73.0
-24.0 30.0 62.0
-22.0 30.0 60.0
-20.0 30.0 53.0
-18.0 30.0 60.0
-16.0 30.0 56.0
-14.0 30.0 68.0
-12.0 30.0 48.0
-10.0 30.0 57.0
-8.0 30.0 37.0
-6.0 30.0 35.0
-4.0 30.0 30.0
-2.0 30.0 30.0
0.0 30.0 37.0
2.0 30.0 32.0
4.0 30.0 44.0
6.0 30.0 67.0
8.0 30.0 66.0
10.0 30.0 63.0
12.0 30.0 49.0
14.0 30.0 38.0
16.0 30.0 22.0
18.0 30.0 27.0
20.0 30.0 26.0
22.0 30.0 60.0
24.0 30.0 65.0
26.0 30.0 62.0
28.0 30.0 50.0
30.0 30.0 67.0
32.0 30.0 45.0
34.0 30.0 54.0
36.0 30.0 52.0
38.0 30.0 43.0
40.0 30.0 49.0
40.0 32.0 42.0
38.0 32.0 38.0
36.0 32.0 32.0
34.0 32.0 20.0
32.0 32.0 34.0
30.0 32.0 35.0
28.0 32.0 37.0
26.0 32.0 35.0
24.0 32.0 30.0
22.0 32.0 17.0
20.0 32.0 41.0
18.0 32.0 40.0
16.0 32.0 39.0
14.0 32.0 48.0
12.0 32.0 57.0
10.0 32.0 44.0
8.0 32.0 49.0
6.0 32.0 44.0
4.0 32.0 17.0
2.0 32.0 21.0
0.0 32.0 15.0
-2.0 32.0 27.0
-4.0 32.0 40.0
-6.0 32.0 61.0
-8.0 32.0 58.0
-10.0 32.0 41.0
-12.0 32.0 25.0
-14.0 32.0 32.0
-16.0 32.0 26.0
-18.0 32.0 27.0
-20.0 32.0 32.0
-22.0 32.0 36.0
-24.0 32.0 41.0
-26.0 32.0 50.0
-28.0 32.0 42.0
-30.0 32.0 46.0
-32.0 32.0 40.0
-34.0 32.0 43.0
-36.0 32.0 44.0
-38.0 32.0 50.0
-40.0 32.0 42.0
-40.0 34.0 39.0
-38.0 34.0 32.0
-36.0 34.0 31.0
-34.0 34.0 39.0
-32.0 34.0 34.0
-30.0 34.0 41.0
-28.0 34.0 34.0
-26.0 34.0 32.0
-24.0 34.0 24.0
-22.0 34.0 32.0
-20.0 34.0 43.0
-18.0 34.0 42.0
-16.0 34.0 34.0
-14.0 34.0 25.0
-12.0 34.0 42.0
-10.0 34.0 39.0
-8.0 34.0 34.0
-6.0 34.0 37.0
-4.0 34.0 25.0
-2.0 34.0 19.0
0.0 34.0 19.0
2.0 34.0 21.0
4.0 34.0 36.0
6.0 34.0 48.0
8.0 34.0 45.0
10.0 34.0 42.0
12.0 34.0 25.0
14.0 34.0 19.0
16.0 34.0 15.0
18.0 34.0 22.0
20.0 34.0 30.0
22.0 34.0 39.0
24.0 34.0 25.0
26.0 34.0 45.0
28.0 34.0 36.0
30.0 34.0 36.0
32.0 34.0 14.0
34.0 34.0 26.0
36.0 34.0 25.0
38.0 34.0 17.0
40.0 34.0 22.0
40.0 36.0 16.0
38.0 36.0 26.0
36.0 36.0 16.0
34.0 36.0 9.0
32.0 36.0 16.0
30.0 36.0 19.0
28.0 36.0 12.0
26.0 36.0 15.0
24.0 36.0 10.0
22.0 36.0 17.0
20.0 36.0 24.0
18.0 36.0 27.0
16.0 36.0 25.0
14.0 36.0 24.0
12.0 36.0 30.0
10.0 36.0 42.0
8.0 36.0 31.0
6.0 36.0 27.0
4.0 36.0 17.0
2.0 36.0 15.0
0.0 36.0 12.0
-2.0 36.0 12.0
-4.0 36.0 22.0
-6.0 36.0 25.0
-8.0 36.0 21.0
-10.0 36.0 37.0
-12.0 36.0 32.0
-14.0 36.0 20.0
-16.0 36.0 21.0
-18.0 36.0 16.0
-20.0 36.0 15.0
-22.0 36.0 26.0
-24.0 36.0 20.0
-26.0 36.0 30.0
-28.0 36.0 19.0
-30.0 36.0 20.0
-32.0 36.0 26.0
-34.0 36.0 24.0
-36.0 36.0 17.0
-38.0 36.0 22.0
-40.0 36.0 25.0
-40.0 38.0 22.0
-38.0 38.0 21.0
-36.0 38.0 31.0
-34.0 38.0 26.0
-32.0 38.0 14.0
-30.0 38.0 15.0
-28.0 38.0 14.0
-26.0 38.0 14.0
-24.0 38.0 14.0
-22.0 38.0 25.0
-20.0 38.0 26.0
-18.0 38.0 11.0
-16.0 38.0 21.0
-14.0 38.0 15.0
-12.0 38.0 24.0
-10.0 38.0 22.0
-8.0 38.0 21.0
