40.0 -40.0 6.0
38.0 -40.0 2.0
36.0 -40.0 19.0
34.0 -40.0 10.0
32.0 -40.0 16.0
30.0 -40.0 0.0
28.0 -40.0 0.0
26.0 -40.0 0.0
24.0 -40.0 148.0
22.0 -40.0 147.0
20.0 -40.0 147.0
18.0 -40.0 140.0
16.0 -40.0 141.0
14.0 -40.0 148.0
12.0 -40.0 147.0
10.0 -40.0 146.0
8.0 -40.0 149.0
6.0 -40.0 149.0
4.0 -40.0 148.0
2.0 -40.0 146.0
0.0 -40.0 153.0
-2.0 -40.0 145.0
-4.0 -40.0 143.0
-6.0 -40.0 145.0
-8.0 -40.0 148.0
-10.0 -40.0 147.0
-12.0 -40.0 147.0
-14.0 -40.0 146.0
-16.0 -40.0 148.0
-18.0 -40.0 147.0
-20.0 -40.0 147.0
-22.0 -40.0 149.0
-24.0 -40.0 151.0
-26.0 -40.0 150.0
-28.0 -40.0 151.0
-30.0 -40.0 161.0
-32.0 -40.0 154.0
-34.0 -40.0 155.0
-36.0 -40.0 156.0
-38.0 -40.0 167.0
-40.0 -40.0 161.0
-40.0 -38.0 173.0
-38.0 -38.0 160.0
-36.0 -38.0 154.0
-34.0 -38.0 150.0
-32.0 -38.0 149.0
-30.0 -38.0 149.0
-28.0 -38.0 154.0
-26.0 -38.0 160.0
-24.0 -38.0 161.0
-22.0 -38.0 161.0
-20.0 -38.0 160.0
-18.0 -38.0 164.0
-16.0 -38.0 156.0
-14.0 -38.0 154.0
-12.0 -38.0 151.0
-10.0 -38.0 158.0
-8.0 -38.0 150.0
-6.0 -38.0 150.0
-4.0 -38.0 148.0
-2.0 -38.0 149.0
0.0 -38.0 147.0
2.0 -38.0 147.0
4.0 -38.0 150.0
6.0 -38.0 145.0
8.0 -38.0 146.0
10.0 -38.0 145.0
12.0 -38.0 150.0
14.0 -38.0 145.0
16.0 -38.0 142.0
18.0 -38.0 144.0
20.0 -38.0 146.0
22.0 -38.0 148.0
24.0 -38.0 146.0
26.0 -38.0 148.0
28.0 -38.0 149.0
30.0 -38.0 151.0
32.0 -38.0 154.0
34.0 -38.0 159.0
36.0 -38.0 154.0
38.0 -38.0 156.0
40.0 -38.0 158.0
40.0 -36.0 162.0
38.0 -36.0 164.0
36.0 -36.0 173.0
34.0 -36.0 171.0
32.0 -36.0 173.0
30.0 -36.0 173.0
28.0 -36.0 173.0
26.0 -36.0 171.0
24.0 -36.0 164.0
22.0 -36.0 167.0
20.0 -36.0 160.0
18.0 -36.0 156.0
16.0 -36.0 154.0
14.0 -36.0 159.0
12.0 -36.0 151.0
10.0 -36.0 154.0
8.0 -36.0 150.0
6.0 -36.0 148.0
4.0 -36.0 147.0
2.0 -36.0 146.0
0.0 -36.0 149.0
-2.0 -36.0 144.0
-4.0 -36.0 144.0
-6.0 -36.0 145.0
-8.0 -36.0 149.0
-10.0 -36.0 145.0
-12.0 -36.0 145.0
-14.0 -36.0 146.0
-16.0 -36.0 149.0
-18.0 -36.0 147.0
-20.0 -36.0 148.0
-22.0 -36.0 154.0
-24.0 -36.0 148.0
-26.0 -36.0 151.0
-28.0 -36.0 151.0
-30.0 -36.0 156.0
-32.0 -36.0 154.0
-34.0 -36.0 154.0
-36.0 -36.0 156.0
-38.0 -36.0 166.0
-40.0 -36.0 161.0
-40.0 -34.0 162.0
-38.0 -34.0 159.0
-36.0 -34.0 153.0
-34.0 -34.0 151.0
-32.0 -34.0 151.0
-30.0 -34.0 151.0
-28.0 -34.0 151.0
-26.0 -34.0 165.0
-24.0 -34.0 161.0
-22.0 -34.0 160.0
-20.0 -34.0 158.0
-18.0 -34.0 157.0
-16.0 -34.0 154.0
-14.0 -34.0 154.0
-12.0 -34.0 151.0
-10.0 -34.0 150.0
-8.0 -34.0 149.0
-6.0 -34.0 148.0
-4.0 -34.0 154.0
-2.0 -34.0 148.0
0.0 -34.0 147.0
2.0 -34.0 148.0
4.0 -34.0 151.0
6.0 -34.0 147.0
8.0 -34.0 147.0
10.0 -34.0 143.0
12.0 -34.0 144.0
14.0 -34.0 144.0
16.0 -34.0 145.0
18.0 -34.0 147.0
20.0 -34.0 144.0
22.0 -34.0 145.0
24.0 -34.0 146.0
26.0 -34.0 157.0
28.0 -34.0 151.0
30.0 -34.0 151.0
32.0 -34.0 154.0
34.0 -34.0 157.0
36.0 -34.0 156.0
38.0 -34.0 158.0
40.0 -34.0 160.0
40.0 -32.0 163.0
38.0 -32.0 168.0
36.0 -32.0 171.0
34.0 -32.0 173.0
32.0 -32.0 173.0
30.0 -32.0 173.0
28.0 -32.0 171.0
26.0 -32.0 168.0
24.0 -32.0 164.0
22.0 -32.0 167.0
20.0 -32.0 157.0
18.0 -32.0 155.0
16.0 -32.0 155.0
14.0 -32.0 158.0
12.0 -32.0 151.0
10.0 -32.0 150.0
8.0 -32.0 148.0
6.0 -32.0 147.0
4.0 -32.0 146.0
2.0 -32.0 144.0
0.0 -32.0 147.0
-2.0 -32.0 143.0
-4.0 -32.0 143.0
-6.0 -32.0 142.0
-8.0 -32.0 145.0
-10.0 -32.0 144.0
-12.0 -32.0 146.0
-14.0 -32.0 146.0
-16.0 -32.0 144.0
-18.0 -32.0 146.0
-20.0 -32.0 146.0
-22.0 -32.0 146.0
-24.0 -32.0 146.0
-26.0 -32.0 149.0
-28.0 -32.0 150.0
-30.0 -32.0 155.0
-32.0 -32.0 150.0
-34.0 -32.0 154.0
-36.0 -32.0 156.0
-38.0 -32.0 160.0
-40.0 -32.0 160.0
-40.0 -30.0 164.0
-38.0 -30.0 158.0
-36.0 -30.0 154.0
-34.0 -30.0 146.0
-32.0 -30.0 145.0
-30.0 -30.0 143.0
-28.0 -30.0 148.0
-26.0 -30.0 154.0
-24.0 -30.0 158.0
-22.0 -30.0 154.0
-20.0 -30.0 151.0
-18.0 -30.0 159.0
-16.0 -30.0 149.0
-14.0 -30.0 148.0
-12.0 -30.0 147.0
-10.0 -30.0 148.0
-8.0 -30.0 146.0
-6.0 -30.0 145.0
-4.0 -30.0 151.0
-2.0 -30.0 144.0
0.0 -30.0 143.0
2.0 -30.0 142.0
4.0 -30.0 148.0
6.0 -30.0 143.0
8.0 -30.0 141.0
10.0 -30.0 142.0
12.0 -30.0 145.0
14.0 -30.0 142.0
16.0 -30.0 142.0
18.0 -30.0 145.0
20.0 -30.0 144.0
22.0 -30.0 144.0
24.0 -30.0 145.0
26.0 -30.0 146.0
28.0 -30.0 147.0
30.0 -30.0 148.0
32.0 -30.0 151.0
34.0 -30.0 156.0
36.0 -30.0 154.0
38.0 -30.0 154.0
40.0 -30.0 156.0
40.0 -28.0 159.0
38.0 -28.0 163.0
36.0 -28.0 167.0
34.0 -28.0 168.0
32.0 -28.0 168.0
30.0 -28.0 168.0
28.0 -28.0 167.0
26.0 -28.0 167.0
24.0 -28.0 164.0
22.0 -28.0 165.0
20.0 -28.0 157.0
18.0 -28.0 156.0
16.0 -28.0 149.0
14.0 -28.0 148.0
12.0 -28.0 148.0
10.0 -28.0 146.0
8.0 -28.0 143.0
6.0 -28.0 142.0
4.0 -28.0 139.0
2.0 -28.0 140.0
0.0 -28.0 145.0
-2.0 -28.0 142.0
-4.0 -28.0 142.0
-6.0 -28.0 140.0
-8.0 -28.0 142.0
-10.0 -28.0 141.0
-12.0 -28.0 142.0
-14.0 -28.0 142.0
-16.0 -28.0 146.0
-18.0 -28.0 142.0
-20.0 -28.0 143.0
-22.0 -28.0 146.0
-24.0 -28.0 144.0
-26.0 -28.0 144.0
-28.0 -28.0 146.0
-30.0 -28.0 154.0
-32.0 -28.0 148.0
-34.0 -28.0 150.0
-36.0 -28.0 150.0
-38.0 -28.0 160.0
-40.0 -28.0 154.0
-40.0 -26.0 158.0
-38.0 -26.0 154.0
-36.0 -26.0 150.0
-34.0 -26.0 149.0
-32.0 -26.0 146.0
-30.0 -26.0 146.0
-28.0 -26.0 145.0
-26.0 -26.0 157.0
-24.0 -26.0 154.0
-22.0 -26.0 153.0
-20.0 -26.0 150.0
-18.0 -26.0 154.0
-16.0 -26.0 148.0
-14.0 -26.0 147.0
-12.0 -26.0 146.0
-10.0 -26.0 146.0
-8.0 -26.0 144.0
-6.0 -26.0 142.0
-4.0 -26.0 148.0
-2.0 -26.0 142.0
0.0 -26.0 142.0
2.0 -26.0 141.0
4.0 -26.0 145.0
6.0 -26.0 139.0
8.0 -26.0 141.0
10.0 -26.0 134.0
12.0 -26.0 139.0
14.0 -26.0 136.0
16.0 -26.0 139.0
18.0 -26.0 139.0
20.0 -26.0 137.0
22.0 -26.0 140.0
24.0 -26.0 140.0
26.0 -26.0 141.0
28.0 -26.0 144.0
30.0 -26.0 147.0
32.0 -26.0 147.0
34.0 -26.0 147.0
36.0 -26.0 149.0
38.0 -26.0 151.0
40.0 -26.0 151.0
40.0 -24.0 159.0
38.0 -24.0 162.0
36.0 -24.0 163.0
34.0 -24.0 164.0
32.0 -24.0 163.0
30.0 -24.0 162.0
28.0 -24.0 162.0
26.0 -24.0 162.0
24.0 -24.0 158.0
22.0 -24.0 161.0
20.0 -24.0 150.0
18.0 -24.0 149.0
16.0 -24.0 147.0
14.0 -24.0 150.0
12.0 -24.0 146.0
10.0 -24.0 144.0
8.0 -24.0 142.0
6.0 -24.0 141.0
4.0 -24.0 141.0
2.0 -24.0 138.0
0.0 -24.0 142.0
-2.0 -24.0 137.0
-4.0 -24.0 137.0
-6.0 -24.0 136.0
-8.0 -24.0 141.0
-10.0 -24.0 139.0
-12.0 -24.0 138.0
-14.0 -24.0 138.0
-16.0 -24.0 138.0
-18.0 -24.0 139.0
-20.0 -24.0 139.0
-22.0 -24.0 140.0
-24.0 -24.0 138.0
-26.0 -24.0 139.0
-28.0 -24.0 141.0
-30.0 -24.0 148.0
-32.0 -24.0 144.0
-34.0 -24.0 146.0
-36.0 -24.0 146.0
-38.0 -24.0 151.0
-40.0 -24.0 150.0
-40.0 -22.0 154.0
-38.0 -22.0 150.0
-36.0 -22.0 144.0
-34.0 -22.0 141.0
-32.0 -22.0 141.0
-30.0 -22.0 140.0
-28.0 -22.0 141.0
-26.0 -22.0 153.0
-24.0 -22.0 151.0
-22.0 -22.0 149.0
-20.0 -22.0 148.0
-18.0 -22.0 145.0
-16.0 -22.0 143.0
-14.0 -22.0 143.0
-12.0 -22.0 142.0
-10.0 -22.0 141.0
-8.0 -22.0 138.0
-6.0 -22.0 139.0
-4.0 -22.0 143.0
-2.0 -22.0 138.0
0.0 -22.0 138.0
2.0 -22.0 137.0
4.0 -22.0 142.0
6.0 -22.0 137.0
8.0 -22.0 136.0
10.0 -22.0 134.0
12.0 -22.0 137.0
14.0 -22.0 138.0
16.0 -22.0 137.0
18.0 -22.0 141.0
20.0 -22.0 139.0
22.0 -22.0 139.0
24.0 -22.0 138.0
26.0 -22.0 143.0
28.0 -22.0 142.0
30.0 -22.0 142.0
32.0 -22.0 144.0
34.0 -22.0 147.0
36.0 -22.0 148.0
38.0 -22.0 151.0
40.0 -22.0 157.0
40.0 -20.0 155.0
38.0 -20.0 165.0
36.0 -20.0 159.0
34.0 -20.0 160.0
32.0 -20.0 159.0
30.0 -20.0 160.0
28.0 -20.0 159.0
26.0 -20.0 158.0
24.0 -20.0 154.0
22.0 -20.0 151.0
20.0 -20.0 149.0
18.0 -20.0 147.0
16.0 -20.0 144.0
14.0 -20.0 143.0
12.0 -20.0 141.0
10.0 -20.0 139.0
8.0 -20.0 144.0
6.0 -20.0 140.0
4.0 -20.0 136.0
2.0 -20.0 136.0
0.0 -20.0 140.0
-2.0 -20.0 136.0
-4.0 -20.0 134.0
-6.0 -20.0 134.0
-8.0 -20.0 134.0
-10.0 -20.0 134.0
-12.0 -20.0 136.0
-14.0 -20.0 137.0
-16.0 -20.0 134.0
-18.0 -20.0 136.0
-20.0 -20.0 137.0
-22.0 -20.0 142.0
-24.0 -20.0 137.0
-26.0 -20.0 137.0
-28.0 -20.0 139.0
-30.0 -20.0 144.0
-32.0 -20.0 140.0
-34.0 -20.0 143.0
-36.0 -20.0 145.0
-38.0 -20.0 145.0
-40.0 -20.0 148.0
-40.0 -18.0 150.0
-38.0 -18.0 147.0
-36.0 -18.0 143.0
-34.0 -18.0 142.0
-32.0 -18.0 136.0
-30.0 -18.0 137.0
-28.0 -18.0 138.0
-26.0 -18.0 148.0
-24.0 -18.0 149.0
-22.0 -18.0 146.0
-20.0 -18.0 144.0
-18.0 -18.0 143.0
-16.0 -18.0 142.0
-14.0 -18.0 142.0
-12.0 -18.0 146.0
-10.0 -18.0 137.0
-8.0 -18.0 138.0
-6.0 -18.0 136.0
-4.0 -18.0 141.0
-2.0 -18.0 134.0
0.0 -18.0 136.0
2.0 -18.0 134.0
4.0 -18.0 132.0
6.0 -18.0 134.0
8.0 -18.0 134.0
10.0 -18.0 136.0
12.0 -18.0 133.0
14.0 -18.0 132.0
16.0 -18.0 134.0
18.0 -18.0 136.0
20.0 -18.0 136.0
22.0 -18.0 136.0
24.0 -18.0 136.0
26.0 -18.0 141.0
28.0 -18.0 138.0
30.0 -18.0 140.0
32.0 -18.0 141.0
34.0 -18.0 142.0
36.0 -18.0 145.0
38.0 -18.0 145.0
40.0 -18.0 151.0
40.0 -16.0 151.0
38.0 -16.0 161.0
36.0 -16.0 157.0
34.0 -16.0 157.0
32.0 -16.0 157.0
30.0 -16.0 156.0
28.0 -16.0 156.0
26.0 -16.0 157.0
24.0 -16.0 150.0
22.0 -16.0 154.0
20.0 -16.0 147.0
18.0 -16.0 145.0
16.0 -16.0 142.0
14.0 -16.0 139.0
12.0 -16.0 138.0
10.0 -16.0 136.0
8.0 -16.0 140.0
6.0 -16.0 137.0
4.0 -16.0 136.0
2.0 -16.0 134.0
0.0 -16.0 133.0
-2.0 -16.0 134.0
-4.0 -16.0 134.0
-6.0 -16.0 132.0
-8.0 -16.0 133.0
-10.0 -16.0 131.0
-12.0 -16.0 132.0
-14.0 -16.0 140.0
-16.0 -16.0 132.0
-18.0 -16.0 134.0
-20.0 -16.0 132.0
-22.0 -16.0 136.0
-24.0 -16.0 134.0
-26.0 -16.0 134.0
-28.0 -16.0 136.0
-30.0 -16.0 138.0
-32.0 -16.0 140.0
-34.0 -16.0 141.0
-36.0 -16.0 146.0
-38.0 -16.0 145.0
-40.0 -16.0 145.0
-40.0 -14.0 147.0
-38.0 -14.0 144.0
-36.0 -14.0 141.0
-34.0 -14.0 139.0
-32.0 -14.0 134.0
-30.0 -14.0 134.0
-28.0 -14.0 140.0
-26.0 -14.0 145.0
-24.0 -14.0 145.0
-22.0 -14.0 143.0
-20.0 -14.0 141.0
-18.0 -14.0 140.0
-16.0 -14.0 140.0
-14.0 -14.0 140.0
-12.0 -14.0 142.0
-10.0 -14.0 137.0
-8.0 -14.0 137.0
-6.0 -14.0 134.0
-4.0 -14.0 138.0
-2.0 -14.0 132.0
0.0 -14.0 134.0
2.0 -14.0 131.0
4.0 -14.0 132.0
6.0 -14.0 132.0
8.0 -14.0 131.0
10.0 -14.0 131.0
12.0 -14.0 131.0
14.0 -14.0 131.0
16.0 -14.0 131.0
18.0 -14.0 137.0
20.0 -14.0 132.0
22.0 -14.0 132.0
24.0 -14.0 133.0
26.0 -14.0 133.0
28.0 -14.0 136.0
30.0 -14.0 138.0
32.0 -14.0 138.0
34.0 -14.0 138.0
36.0 -14.0 141.0
38.0 -14.0 144.0
40.0 -14.0 148.0
40.0 -12.0 150.0
38.0 -12.0 159.0
36.0 -12.0 154.0
34.0 -12.0 155.0
32.0 -12.0 156.0
30.0 -12.0 155.0
28.0 -12.0 154.0
26.0 -12.0 156.0
24.0 -12.0 149.0
22.0 -12.0 151.0
20.0 -12.0 146.0
18.0 -12.0 144.0
16.0 -12.0 145.0
14.0 -12.0 138.0
12.0 -12.0 139.0
10.0 -12.0 138.0
8.0 -12.0 138.0
6.0 -12.0 133.0
4.0 -12.0 134.0
2.0 -12.0 132.0
0.0 -12.0 134.0
-2.0 -12.0 132.0
-4.0 -12.0 131.0
-6.0 -12.0 130.0
-8.0 -12.0 131.0
-10.0 -12.0 132.0
-12.0 -12.0 132.0
-14.0 -12.0 132.0
-16.0 -12.0 132.0
-18.0 -12.0 131.0
-20.0 -12.0 132.0
-22.0 -12.0 138.0
-24.0 -12.0 134.0
-26.0 -12.0 133.0
-28.0 -12.0 136.0
-30.0 -12.0 139.0
-32.0 -12.0 139.0
-34.0 -12.0 141.0
-36.0 -12.0 142.0
-38.0 -12.0 143.0
-40.0 -12.0 147.0
-40.0 -10.0 146.0
-38.0 -10.0 146.0
-36.0 -10.0 142.0
-34.0 -10.0 134.0
-32.0 -10.0 132.0
-30.0 -10.0 132.0
-28.0 -10.0 139.0
-26.0 -10.0 145.0
-24.0 -10.0 147.0
-22.0 -10.0 143.0
-20.0 -10.0 142.0
-18.0 -10.0 139.0
-16.0 -10.0 142.0
-14.0 -10.0 139.0
-12.0 -10.0 142.0
-10.0 -10.0 136.0
-8.0 -10.0 133.0
-6.0 -10.0 136.0
-4.0 -10.0 136.0
-2.0 -10.0 132.0
0.0 -10.0 132.0
2.0 -10.0 134.0
4.0 -10.0 130.0
6.0 -10.0 132.0
8.0 -10.0 128.0
10.0 -10.0 131.0
12.0 -10.0 130.0
14.0 -10.0 127.0
16.0 -10.0 132.0
18.0 -10.0 134.0
20.0 -10.0 129.0
22.0 -10.0 132.0
24.0 -10.0 132.0
26.0 -10.0 138.0
28.0 -10.0 132.0
30.0 -10.0 133.0
32.0 -10.0 134.0
34.0 -10.0 138.0
36.0 -10.0 140.0
38.0 -10.0 142.0
40.0 -10.0 150.0
40.0 -8.0 147.0
38.0 -8.0 157.0
36.0 -8.0 151.0
34.0 -8.0 151.0
32.0 -8.0 155.0
30.0 -8.0 160.0
28.0 -8.0 154.0
26.0 -8.0 150.0
24.0 -8.0 148.0
22.0 -8.0 145.0
20.0 -8.0 144.0
18.0 -8.0 143.0
16.0 -8.0 142.0
14.0 -8.0 137.0
12.0 -8.0 133.0
10.0 -8.0 134.0
8.0 -8.0 140.0
6.0 -8.0 132.0
4.0 -8.0 132.0
2.0 -8.0 131.0
0.0 -8.0 131.0
-2.0 -8.0 130.0
-4.0 -8.0 130.0
-6.0 -8.0 129.0
-8.0 -8.0 129.0
-10.0 -8.0 128.0
-12.0 -8.0 128.0
-14.0 -8.0 134.0
-16.0 -8.0 129.0
-18.0 -8.0 128.0
-20.0 -8.0 129.0
-22.0 -8.0 131.0
-24.0 -8.0 130.0
-26.0 -8.0 131.0
-28.0 -8.0 131.0
-30.0 -8.0 132.0
-32.0 -8.0 134.0
-34.0 -8.0 136.0
-36.0 -8.0 146.0
-38.0 -8.0 142.0
-40.0 -8.0 141.0
-40.0 -6.0 143.0
-38.0 -6.0 142.0
-36.0 -6.0 138.0
-34.0 -6.0 136.0
-32.0 -6.0 132.0
-30.0 -6.0 131.0
-28.0 -6.0 137.0
-26.0 -6.0 143.0
-24.0 -6.0 141.0
-22.0 -6.0 142.0
-20.0 -6.0 144.0
-18.0 -6.0 137.0
-16.0 -6.0 136.0
-14.0 -6.0 133.0
-12.0 -6.0 139.0
-10.0 -6.0 134.0
-8.0 -6.0 131.0
-6.0 -6.0 132.0
-4.0 -6.0 131.0
-2.0 -6.0 132.0
0.0 -6.0 129.0
2.0 -6.0 133.0
4.0 -6.0 131.0
6.0 -6.0 129.0
8.0 -6.0 128.0
10.0 -6.0 132.0
12.0 -6.0 129.0
14.0 -6.0 129.0
16.0 -6.0 129.0
18.0 -6.0 132.0
20.0 -6.0 130.0
22.0 -6.0 130.0
24.0 -6.0 131.0
26.0 -6.0 133.0
28.0 -6.0 134.0
30.0 -6.0 134.0
32.0 -6.0 136.0
34.0 -6.0 136.0
36.0 -6.0 138.0
38.0 -6.0 140.0
40.0 -6.0 145.0
40.0 -4.0 147.0
38.0 -4.0 151.0
36.0 -4.0 150.0
34.0 -4.0 151.0
32.0 -4.0 154.0
30.0 -4.0 151.0
28.0 -4.0 150.0
26.0 -4.0 150.0
24.0 -4.0 150.0
22.0 -4.0 143.0
20.0 -4.0 140.0
18.0 -4.0 139.0
16.0 -4.0 144.0
14.0 -4.0 138.0
12.0 -4.0 133.0
10.0 -4.0 134.0
8.0 -4.0 131.0
6.0 -4.0 131.0
4.0 -4.0 132.0
2.0 -4.0 131.0
0.0 -4.0 131.0
-2.0 -4.0 129.0
-4.0 -4.0 129.0
-6.0 -4.0 134.0
-8.0 -4.0 127.0
-10.0 -4.0 128.0
-12.0 -4.0 129.0
-14.0 -4.0 131.0
-16.0 -4.0 126.0
-18.0 -4.0 129.0
-20.0 -4.0 130.0
-22.0 -4.0 132.0
-24.0 -4.0 132.0
-26.0 -4.0 131.0
-28.0 -4.0 136.0
-30.0 -4.0 132.0
-32.0 -4.0 136.0
-34.0 -4.0 134.0
-36.0 -4.0 143.0
-38.0 -4.0 140.0
-40.0 -4.0 140.0
-40.0 -2.0 143.0
-38.0 -2.0 142.0
-36.0 -2.0 137.0
-34.0 -2.0 134.0
-32.0 -2.0 129.0
-30.0 -2.0 129.0
-28.0 -2.0 137.0
-26.0 -2.0 142.0
-24.0 -2.0 143.0
-22.0 -2.0 141.0
-20.0 -2.0 144.0
-18.0 -2.0 136.0
-16.0 -2.0 134.0
-14.0 -2.0 136.0
-12.0 -2.0 136.0
-10.0 -2.0 134.0
-8.0 -2.0 132.0
-6.0 -2.0 131.0
-4.0 -2.0 130.0
-2.0 -2.0 131.0
0.0 -2.0 131.0
2.0 -2.0 132.0
4.0 -2.0 127.0
6.0 -2.0 126.0
8.0 -2.0 124.0
10.0 -2.0 130.0
12.0 -2.0 129.0
14.0 -2.0 129.0
16.0 -2.0 129.0
18.0 -2.0 131.0
20.0 -2.0 129.0
22.0 -2.0 131.0
24.0 -2.0 131.0
26.0 -2.0 133.0
28.0 -2.0 134.0
30.0 -2.0 134.0
32.0 -2.0 141.0
34.0 -2.0 136.0
36.0 -2.0 138.0
38.0 -2.0 140.0
40.0 -2.0 139.0
40.0 0.0 145.0
38.0 0.0 147.0
36.0 0.0 150.0
34.0 0.0 151.0
32.0 0.0 151.0
30.0 0.0 151.0
28.0 0.0 151.0
26.0 0.0 150.0
24.0 0.0 151.0
22.0 0.0 144.0
20.0 0.0 140.0
18.0 0.0 138.0
16.0 0.0 145.0
14.0 0.0 136.0
12.0 0.0 134.0
10.0 0.0 132.0
8.0 0.0 131.0
6.0 0.0 125.0
4.0 0.0 123.0
2.0 0.0 128.0
0.0 0.0 120.0
-2.0 0.0 121.0
-4.0 0.0 126.0
-6.0 0.0 125.0
-8.0 0.0 122.0
-10.0 0.0 126.0
-12.0 0.0 126.0
-14.0 0.0 127.0
-16.0 0.0 129.0
-18.0 0.0 126.0
-20.0 0.0 133.0
-22.0 0.0 131.0
-24.0 0.0 132.0
-26.0 0.0 131.0
-28.0 0.0 136.0
-30.0 0.0 131.0
-32.0 0.0 132.0
-34.0 0.0 132.0
-36.0 0.0 140.0
-38.0 0.0 139.0
-40.0 0.0 140.0
-40.0 2.0 141.0
-38.0 2.0 138.0
-36.0 2.0 137.0
-34.0 2.0 134.0
-32.0 2.0 131.0
-30.0 2.0 130.0
-28.0 2.0 141.0
-26.0 2.0 141.0
-24.0 2.0 142.0
-22.0 2.0 140.0
-20.0 2.0 142.0
-18.0 2.0 136.0
-16.0 2.0 134.0
-14.0 2.0 132.0
-12.0 2.0 134.0
-10.0 2.0 132.0
-8.0 2.0 132.0
-6.0 2.0 131.0
-4.0 2.0 129.0
-2.0 2.0 130.0
0.0 2.0 128.0
2.0 2.0 132.0
4.0 2.0 125.0
6.0 2.0 126.0
8.0 2.0 122.0
10.0 2.0 115.0
12.0 2.0 110.0
14.0 2.0 105.0
16.0 2.0 105.0
18.0 2.0 119.0
20.0 2.0 126.0
22.0 2.0 131.0
24.0 2.0 137.0
26.0 2.0 127.0
28.0 2.0 132.0
30.0 2.0 134.0
32.0 2.0 138.0
34.0 2.0 136.0
36.0 2.0 138.0
38.0 2.0 138.0
40.0 2.0 141.0
40.0 4.0 149.0
38.0 4.0 148.0
36.0 4.0 151.0
34.0 4.0 151.0
32.0 4.0 151.0
30.0 4.0 151.0
28.0 4.0 150.0
26.0 4.0 150.0
24.0 4.0 154.0
22.0 4.0 143.0
20.0 4.0 140.0
18.0 4.0 137.0
16.0 4.0 138.0
14.0 4.0 136.0
12.0 4.0 136.0
10.0 4.0 133.0
8.0 4.0 128.0
6.0 4.0 131.0
4.0 4.0 130.0
2.0 4.0 134.0
0.0 4.0 69.0
-2.0 4.0 62.0
-4.0 4.0 60.0
-6.0 4.0 60.0
-8.0 4.0 59.0
-10.0 4.0 59.0
-12.0 4.0 65.0
-14.0 4.0 60.0
-16.0 4.0 59.0
-18.0 4.0 59.0
-20.0 4.0 82.0
-22.0 4.0 129.0
-24.0 4.0 131.0
-26.0 4.0 136.0
-28.0 4.0 130.0
-30.0 4.0 132.0
-32.0 4.0 132.0
-34.0 4.0 140.0
-36.0 4.0 136.0
-38.0 4.0 139.0
-40.0 4.0 142.0
-40.0 6.0 141.0
-38.0 6.0 138.0
-36.0 6.0 136.0
-34.0 6.0 134.0
-32.0 6.0 134.0
-30.0 6.0 134.0
-28.0 6.0 134.0
-26.0 6.0 138.0
-24.0 6.0 141.0
-22.0 6.0 147.0
-20.0 6.0 140.0
-18.0 6.0 137.0
-16.0 6.0 132.0
-14.0 6.0 136.0
-12.0 6.0 132.0
-10.0 6.0 132.0
-8.0 6.0 131.0
-6.0 6.0 130.0
-4.0 6.0 130.0
-2.0 6.0 131.0
0.0 6.0 68.0
2.0 6.0 60.0
4.0 6.0 59.0
6.0 6.0 58.0
8.0 6.0 60.0
10.0 6.0 60.0
12.0 6.0 60.0
14.0 6.0 62.0
16.0 6.0 60.0
18.0 6.0 62.0
20.0 6.0 120.0
22.0 6.0 132.0
24.0 6.0 130.0
26.0 6.0 130.0
28.0 6.0 134.0
30.0 6.0 133.0
32.0 6.0 136.0
34.0 6.0 137.0
36.0 6.0 139.0
38.0 6.0 139.0
40.0 6.0 141.0
40.0 8.0 146.0
38.0 8.0 148.0
36.0 8.0 149.0
34.0 8.0 151.0
32.0 8.0 151.0
30.0 8.0 144.0
28.0 8.0 138.0
26.0 8.0 134.0
24.0 8.0 140.0
22.0 8.0 137.0
20.0 8.0 134.0
18.0 8.0 132.0
16.0 8.0 131.0
14.0 8.0 133.0
12.0 8.0 136.0
10.0 8.0 131.0
8.0 8.0 123.0
6.0 8.0 131.0
4.0 8.0 127.0
2.0 8.0 121.0
0.0 8.0 68.0
-2.0 8.0 62.0
-4.0 8.0 59.0
-6.0 8.0 60.0
-8.0 8.0 59.0
-10.0 8.0 59.0
-12.0 8.0 59.0
-14.0 8.0 58.0
-16.0 8.0 60.0
-18.0 8.0 60.0
-20.0 8.0 125.0
-22.0 8.0 129.0
-24.0 8.0 133.0
-26.0 8.0 132.0
-28.0 8.0 131.0
-30.0 8.0 132.0
-32.0 8.0 132.0
-34.0 8.0 134.0
-36.0 8.0 137.0
-38.0 8.0 141.0
-40.0 8.0 138.0
-40.0 10.0 149.0
-38.0 10.0 142.0
-36.0 10.0 134.0
-34.0 10.0 131.0
-32.0 10.0 126.0
-30.0 10.0 125.0
-28.0 10.0 125.0
-26.0 10.0 136.0
-24.0 10.0 141.0
-22.0 10.0 142.0
-20.0 10.0 139.0
-18.0 10.0 143.0
-16.0 10.0 134.0
-14.0 10.0 132.0
-12.0 10.0 131.0
-10.0 10.0 132.0
-8.0 10.0 128.0
-6.0 10.0 130.0
-4.0 10.0 128.0
-2.0 10.0 128.0
0.0 10.0 61.0
2.0 10.0 59.0
4.0 10.0 65.0
6.0 10.0 60.0
8.0 10.0 59.0
10.0 10.0 60.0
12.0 10.0 60.0
14.0 10.0 60.0
16.0 10.0 60.0
18.0 10.0 63.0
20.0 10.0 95.0
22.0 10.0 125.0
24.0 10.0 128.0
26.0 10.0 130.0
28.0 10.0 123.0
30.0 10.0 129.0
32.0 10.0 126.0
34.0 10.0 126.0
36.0 10.0 130.0
38.0 10.0 130.0
40.0 10.0 129.0
40.0 12.0 125.0
38.0 12.0 128.0
36.0 12.0 127.0
34.0 12.0 119.0
32.0 12.0 110.0
30.0 12.0 119.0
28.0 12.0 124.0
26.0 12.0 122.0
24.0 12.0 121.0
22.0 12.0 123.0
20.0 12.0 129.0
18.0 12.0 125.0
16.0 12.0 125.0
14.0 12.0 125.0
12.0 12.0 123.0
10.0 12.0 117.0
8.0 12.0 104.0
6.0 12.0 105.0
4.0 12.0 105.0
2.0 12.0 77.0
0.0 12.0 65.0
-2.0 12.0 61.0
-4.0 12.0 61.0
-6.0 12.0 61.0
-8.0 12.0 60.0
-10.0 12.0 65.0
-12.0 12.0 62.0
-14.0 12.0 60.0
-16.0 12.0 59.0
-18.0 12.0 65.0
-20.0 12.0 113.0
-22.0 12.0 123.0
-24.0 12.0 123.0
-26.0 12.0 124.0
-28.0 12.0 124.0
-30.0 12.0 125.0
-32.0 12.0 130.0
-34.0 12.0 125.0
-36.0 12.0 128.0
-38.0 12.0 127.0
-40.0 12.0 137.0
-40.0 14.0 134.0
-38.0 14.0 124.0
-36.0 14.0 114.0
-34.0 14.0 103.0
-32.0 14.0 104.0
-30.0 14.0 108.0
-28.0 14.0 114.0
-26.0 14.0 134.0
-24.0 14.0 131.0
-22.0 14.0 131.0
-20.0 14.0 125.0
-18.0 14.0 127.0
-16.0 14.0 125.0
-14.0 14.0 127.0
-12.0 14.0 124.0
-10.0 14.0 125.0
-8.0 14.0 129.0
-6.0 14.0 124.0
-4.0 14.0 119.0
-2.0 14.0 121.0
0.0 14.0 67.0
2.0 14.0 61.0
4.0 14.0 61.0
6.0 14.0 61.0
8.0 14.0 62.0
10.0 14.0 63.0
12.0 14.0 61.0
14.0 14.0 63.0
16.0 14.0 61.0
18.0 14.0 62.0
20.0 14.0 77.0
22.0 14.0 114.0
24.0 14.0 109.0
26.0 14.0 112.0
28.0 14.0 124.0
30.0 14.0 123.0
32.0 14.0 122.0
34.0 14.0 126.0
36.0 14.0 123.0
38.0 14.0 128.0
40.0 14.0 119.0
40.0 16.0 114.0
38.0 16.0 107.0
36.0 16.0 110.0
34.0 16.0 122.0
32.0 16.0 126.0
30.0 16.0 125.0
28.0 16.0 132.0
26.0 16.0 126.0
24.0 16.0 123.0
22.0 16.0 127.0
20.0 16.0 117.0
18.0 16.0 117.0
16.0 16.0 110.0
14.0 16.0 110.0
12.0 16.0 112.0
10.0 16.0 91.0
8.0 16.0 79.0
6.0 16.0 85.0
4.0 16.0 76.0
2.0 16.0 53.0
0.0 16.0 48.0
-2.0 16.0 52.0
-4.0 16.0 55.0
-6.0 16.0 52.0
-8.0 16.0 51.0
-10.0 16.0 52.0
-12.0 16.0 53.0
-14.0 16.0 53.0
-16.0 16.0 55.0
-18.0 16.0 57.0
-20.0 16.0 97.0
-22.0 16.0 101.0
-24.0 16.0 93.0
-26.0 16.0 89.0
-28.0 16.0 79.0
-30.0 16.0 84.0
-32.0 16.0 88.0
-34.0 16.0 85.0
-36.0 16.0 82.0
-38.0 16.0 78.0
-40.0 16.0 74.0
-40.0 18.0 79.0
-38.0 18.0 67.0
-36.0 18.0 62.0
-34.0 18.0 69.0
-32.0 18.0 70.0
-30.0 18.0 72.0
-28.0 18.0 69.0
-26.0 18.0 76.0
-24.0 18.0 78.0
-22.0 18.0 69.0
-20.0 18.0 68.0
-18.0 18.0 76.0
-16.0 18.0 83.0
-14.0 18.0 91.0
-12.0 18.0 90.0
-10.0 18.0 90.0
-8.0 18.0 83.0
-6.0 18.0 87.0
-4.0 18.0 88.0
-2.0 18.0 96.0
0.0 18.0 56.0
2.0 18.0 54.0
4.0 18.0 50.0
6.0 18.0 53.0
8.0 18.0 53.0
10.0 18.0 52.0
12.0 18.0 50.0
14.0 18.0 52.0
16.0 18.0 53.0
18.0 18.0 45.0
20.0 18.0 63.0
22.0 18.0 77.0
24.0 18.0 89.0
26.0 18.0 93.0
28.0 18.0 95.0
30.0 18.0 107.0
32.0 18.0 108.0
34.0 18.0 114.0
36.0 18.0 117.0
38.0 18.0 112.0
40.0 18.0 125.0
40.0 20.0 128.0
38.0 20.0 125.0
36.0 20.0 127.0
34.0 20.0 131.0
32.0 20.0 134.0
30.0 20.0 115.0
28.0 20.0 125.0
26.0 20.0 117.0
24.0 20.0 117.0
22.0 20.0 115.0
20.0 20.0 114.0
18.0 20.0 115.0
16.0 20.0 123.0
14.0 20.0 122.0
12.0 20.0 112.0
10.0 20.0 119.0
8.0 20.0 121.0
6.0 20.0 102.0
4.0 20.0 114.0
2.0 20.0 99.0
0.0 20.0 68.0
-2.0 20.0 61.0
-4.0 20.0 58.0
-6.0 20.0 57.0
-8.0 20.0 55.0
-10.0 20.0 55.0
-12.0 20.0 55.0
-14.0 20.0 58.0
-16.0 20.0 53.0
-18.0 20.0 61.0
-20.0 20.0 107.0
-22.0 20.0 115.0
-24.0 20.0 114.0
-26.0 20.0 107.0
-28.0 20.0 114.0
-30.0 20.0 112.0
-32.0 20.0 114.0
-34.0 20.0 114.0
-36.0 20.0 117.0
-38.0 20.0 120.0
-40.0 20.0 130.0
-40.0 22.0 127.0
-38.0 22.0 114.0
-36.0 22.0 108.0
-34.0 22.0 107.0
-32.0 22.0 112.0
-30.0 22.0 104.0
-28.0 22.0 112.0
-26.0 22.0 129.0
-24.0 22.0 126.0
-22.0 22.0 124.0
-20.0 22.0 117.0
-18.0 22.0 119.0
-16.0 22.0 124.0
-14.0 22.0 121.0
-12.0 22.0 120.0
-10.0 22.0 105.0
-8.0 22.0 109.0
-6.0 22.0 108.0
-4.0 22.0 96.0
-2.0 22.0 91.0
0.0 22.0 87.0
2.0 22.0 69.0
4.0 22.0 66.0
6.0 22.0 63.0
8.0 22.0 72.0
10.0 22.0 78.0
12.0 22.0 85.0
14.0 22.0 83.0
16.0 22.0 94.0
18.0 22.0 101.0
20.0 22.0 109.0
22.0 22.0 114.0
24.0 22.0 112.0
26.0 22.0 110.0
28.0 22.0 114.0
30.0 22.0 109.0
32.0 22.0 121.0
34.0 22.0 108.0
36.0 22.0 109.0
38.0 22.0 105.0
40.0 22.0 103.0
40.0 24.0 107.0
38.0 24.0 93.0
36.0 24.0 85.0
34.0 24.0 80.0
32.0 24.0 84.0
30.0 24.0 85.0
28.0 24.0 97.0
26.0 24.0 89.0
24.0 24.0 93.0
22.0 24.0 91.0
20.0 24.0 93.0
18.0 24.0 93.0
16.0 24.0 104.0
14.0 24.0 105.0
12.0 24.0 108.0
10.0 24.0 107.0
8.0 24.0 101.0
6.0 24.0 104.0
4.0 24.0 117.0
2.0 24.0 101.0
0.0 24.0 93.0
-2.0 24.0 103.0
-4.0 24.0 100.0
-6.0 24.0 94.0
-8.0 24.0 97.0
-10.0 24.0 97.0
-12.0 24.0 86.0
-14.0 24.0 80.0
-16.0 24.0 91.0
-18.0 24.0 93.0
-20.0 24.0 97.0
-22.0 24.0 103.0
-24.0 24.0 100.0
-26.0 24.0 96.0
-28.0 24.0 112.0
-30.0 24.0 110.0
-32.0 24.0 112.0
-34.0 24.0 103.0
-36.0 24.0 107.0
-38.0 24.0 117.0
-40.0 24.0 112.0
-40.0 26.0 112.0
-38.0 26.0 96.0
-36.0 26.0 97.0
-34.0 26.0 97.0
-32.0 26.0 90.0
-30.0 26.0 104.0
-28.0 26.0 95.0
-26.0 26.0 112.0
-24.0 26.0 112.0
-22.0 26.0 105.0
-20.0 26.0 103.0
-18.0 26.0 96.0
-16.0 26.0 86.0
-14.0 26.0 100.0
-12.0 26.0 91.0
-10.0 26.0 93.0
-8.0 26.0 93.0
-6.0 26.0 91.0
-4.0 26.0 88.0
-2.0 26.0 82.0
0.0 26.0 82.0
2.0 26.0 80.0
4.0 26.0 91.0
6.0 26.0 89.0
8.0 26.0 99.0
10.0 26.0 91.0
12.0 26.0 97.0
14.0 26.0 95.0
16.0 26.0 99.0
18.0 26.0 96.0
20.0 26.0 93.0
22.0 26.0 103.0
24.0 26.0 101.0
26.0 26.0 100.0
28.0 26.0 103.0
30.0 26.0 93.0
32.0 26.0 93.0
34.0 26.0 85.0
36.0 26.0 87.0
38.0 26.0 79.0
40.0 26.0 80.0
40.0 28.0 66.0
38.0 28.0 62.0
36.0 28.0 46.0
34.0 28.0 57.0
32.0 28.0 53.0
30.0 28.0 46.0
28.0 28.0 49.0
26.0 28.0 43.0
24.0 28.0 49.0
22.0 28.0 62.0
20.0 28.0 62.0
18.0 28.0 76.0
16.0 28.0 80.0
14.0 28.0 84.0
12.0 28.0 90.0
10.0 28.0 91.0
8.0 28.0 97.0
6.0 28.0 91.0
4.0 28.0 83.0
2.0 28.0 90.0
0.0 28.0 91.0
-2.0 28.0 89.0
-4.0 28.0 85.0
-6.0 28.0 87.0
-8.0 28.0 84.0
-10.0 28.0 75.0
-12.0 28.0 72.0
-14.0 28.0 75.0
-16.0 28.0 71.0
-18.0 28.0 83.0
-20.0 28.0 75.0
-22.0 28.0 77.0
-24.0 28.0 75.0
-26.0 28.0 79.0
-28.0 28.0 75.0
-30.0 28.0 68.0
-32.0 28.0 85.0
-34.0 28.0 82.0
-36.0 28.0 78.0
-38.0 28.0 87.0
-40.0 28.0 83.0
-40.0 30.0 84.0
-38.0 30.0 70.0
-36.0 30.0 69.0
-34.0 30.0 60.0
-32.0 30.0 57.0
-30.0 30.0 63.0
-28.0 30.0 63.0
-26.0 30.0 60.0
-24.0 30.0 54.0
-22.0 30.0 61.0
-20.0 30.0 67.0
-18.0 30.0 54.0
-16.0 30.0 61.0
-14.0 30.0 78.0
-12.0 30.0 71.0
-10.0 30.0 65.0
-8.0 30.0 67.0
-6.0 30.0 63.0
-4.0 30.0 54.0
-2.0 30.0 65.0
0.0 30.0 68.0
2.0 30.0 60.0
4.0 30.0 59.0
6.0 30.0 62.0
8.0 30.0 72.0
10.0 30.0 76.0
12.0 30.0 67.0
14.0 30.0 87.0
16.0 30.0 86.0
18.0 30.0 71.0
20.0 30.0 70.0
22.0 30.0 73.0
24.0 30.0 68.0
26.0 30.0 63.0
28.0 30.0 58.0
30.0 30.0 73.0
32.0 30.0 58.0
34.0 30.0 54.0
36.0 30.0 56.0
38.0 30.0 57.0
40.0 30.0 49.0
40.0 32.0 39.0
38.0 32.0 37.0
36.0 32.0 30.0
34.0 32.0 31.0
32.0 32.0 24.0
30.0 32.0 22.0
28.0 32.0 24.0
26.0 32.0 20.0
24.0 32.0 15.0
22.0 32.0 24.0
20.0 32.0 26.0
18.0 32.0 37.0
16.0 32.0 20.0
14.0 32.0 32.0
12.0 32.0 48.0
10.0 32.0 44.0
8.0 32.0 35.0
6.0 32.0 44.0
4.0 32.0 31.0
2.0 32.0 58.0
0.0 32.0 56.0
-2.0 32.0 59.0
-4.0 32.0 53.0
-6.0 32.0 38.0
-8.0 32.0 41.0
-10.0 32.0 41.0
-12.0 32.0 35.0
-14.0 32.0 34.0
-16.0 32.0 39.0
-18.0 32.0 44.0
-20.0 32.0 37.0
-22.0 32.0 46.0
-24.0 32.0 41.0
-26.0 32.0 45.0
-28.0 32.0 44.0
-30.0 32.0 35.0
-32.0 32.0 37.0
-34.0 32.0 44.0
-36.0 32.0 40.0
-38.0 32.0 42.0
-40.0 32.0 45.0
-40.0 34.0 34.0
-38.0 34.0 40.0
-36.0 34.0 30.0
-34.0 34.0 37.0
-32.0 34.0 30.0
-30.0 34.0 35.0
-28.0 34.0 32.0
-26.0 34.0 35.0
-24.0 34.0 26.0
-22.0 34.0 32.0
-20.0 34.0 32.0
-18.0 34.0 37.0
-16.0 34.0 35.0
-14.0 34.0 44.0
-12.0 34.0 35.0
-10.0 34.0 43.0
-8.0 34.0 39.0
-6.0 34.0 38.0
-4.0 34.0 42.0
-2.0 34.0 45.0
0.0 34.0 30.0
2.0 34.0 35.0
4.0 34.0 34.0
6.0 34.0 44.0
8.0 34.0 51.0
10.0 34.0 41.0
12.0 34.0 26.0
14.0 34.0 35.0
16.0 34.0 38.0
18.0 34.0 43.0
20.0 34.0 35.0
22.0 34.0 25.0
24.0 34.0 38.0
26.0 34.0 46.0
28.0 34.0 26.0
30.0 34.0 35.0
32.0 34.0 26.0
34.0 34.0 27.0
36.0 34.0 30.0
38.0 34.0 19.0
40.0 34.0 10.0
40.0 36.0 11.0
38.0 36.0 14.0
36.0 36.0 15.0
34.0 36.0 14.0
32.0 36.0 27.0
30.0 36.0 14.0
28.0 36.0 19.0
26.0 36.0 27.0
24.0 36.0 14.0
22.0 36.0 17.0
20.0 36.0 14.0
18.0 36.0 17.0
16.0 36.0 19.0
14.0 36.0 25.0
12.0 36.0 34.0
10.0 36.0 32.0
8.0 36.0 21.0
6.0 36.0 16.0
4.0 36.0 25.0
2.0 36.0 24.0
0.0 36.0 25.0
-2.0 36.0 31.0
-4.0 36.0 25.0
-6.0 36.0 21.0
-8.0 36.0 25.0
-10.0 36.0 27.0
-12.0 36.0 30.0
-14.0 36.0 19.0
-16.0 36.0 14.0
-18.0 36.0 26.0
-20.0 36.0 27.0
-22.0 36.0 22.0
-24.0 36.0 26.0
-26.0 36.0 27.0
-28.0 36.0 34.0
-30.0 36.0 27.0
-32.0 36.0 19.0
-34.0 36.0 22.0
-36.0 36.0 25.0
-38.0 36.0 22.0
-40.0 36.0 22.0
-40.0 38.0 27.0
-38.0 38.0 21.0
-36.0 38.0 35.0
-34.0 38.0 22.0
-32.0 38.0 22.0
-30.0 38.0 22.0
-28.0 38.0 16.0
-26.0 38.0 24.0
-24.0 38.0 25.0
-22.0 38.0 21.0
-20.0 38.0 14.0
-18.0 38.0 25.0
-16.0 38.0 25.0
-14.0 38.0 17.0
-12.0 38.0 22.0
-10.0 38.0 20.0
-8.0 38.0 11.0
-6.0 38.0 14.0
-4.0 38.0 20.0
-2.0 38.0 19.0
0.0 38.0 20.0
2.0 38.0 15.0
4.0 38.0 10.0
6.0 38.0 16.0
8.0 38.0 12.0
10.0 38.0 20.0
12.0 38.0 21.0
14.0 38.0 12.0
16.0 38.0 12.0
18.0 38.0 12.0
20.0 38.0 9.0
22.0 38.0 10.0
24.0 38.0 12.0
26.0 38.0 25.0
28.0 38.0 24.0
30.0 38.0 12.0
32.0 38.0 17.0
34.0 38.0 12.0
36.0 38.0 10.0
38.0 38.0 6.0
40.0 38.0 6.0
40.0 40.0 10.0
38.0 40.0 12.0
36.0 40.0 9.0
34.0 40.0 4.0
32.0 40.0 10.0
30.0 40.0 0.0
28.0 40.0 1.0
26.0 40.0 10.0
24.0 40.0 4.0
22.0 40.0 10.0
20.0 40.0 9.0
18.0 40.0 12.0
16.0 40.0 14.0
14.0 40.0 5.0
12.0 40.0 20.0
10.0 40.0 15.0
8.0 40.0 10.0
6.0 40.0 5.0
4.0 40.0 12.0
2.0 40.0 17.0
0.0 40.0 10.0
-2.0 40.0 10.0
-4.0 40.0 10.0
-6.0 40.0 10.0
-8.0 40.0 15.0
-10.0 40.0 12.0
-12.0 40.0 12.0
-14.0 40.0 10.0
-16.0 40.0 12.0
-18.0 40.0 9.0
-20.0 40.0 12.0
-22.0 40.0 16.0
-24.0 40.0 12.0
-26.0 40.0 12.0
-28.0 40.0 15.0
-30.0 40.0 15.0
-32.0 40.0 9.0
-34.0 40.0 20.0
-36.0 40.0 10.0
-38.0 40.0 9.0
-40.0 40.0 10.0
-40.0 42.0 6.0
-38.0 42.0 9.0
-36.0 42.0 15.0
-34.0 42.0 10.0
-32.0 42.0 6.0
-30.0 42.0 12.0
-28.0 42.0 12.0
-26.0 42.0 6.0
-24.0 42.0 1.0
-22.0 42.0 12.0
-20.0 42.0 9.0
-18.0 42.0 12.0
-16.0 42.0 14.0
-14.0 42.0 1.0
-12.0 42.0 9.0
-10.0 42.0 5.0
-8.0 42.0 10.0
-6.0 42.0 10.0
-4.0 42.0 12.0
-2.0 42.0 10.0
0.0 42.0 10.0
2.0 42.0 10.0
4.0 42.0 10.0
6.0 42.0 1.0
8.0 42.0 6.0
10.0 42.0 9.0
12.0 42.0 6.0
14.0 42.0 10.0
16.0 42.0 10.0
18.0 42.0 12.0
20.0 42.0 10.0
22.0 42.0 5.0
24.0 42.0 6.0
26.0 42.0 5.0
28.0 42.0 6.0
30.0 42.0 6.0
32.0 42.0 6.0
34.0 42.0 2.0
36.0 42.0 1.0
38.0 42.0 2.0
40.0 42.0 5.0
