40.0 -40.0 2.0
38.0 -40.0 2.0
36.0 -40.0 21.0
34.0 -40.0 16.0
32.0 -40.0 24.0
30.0 -40.0 0.0
28.0 -40.0 0.0
26.0 -40.0 133.0
24.0 -40.0 131.0
22.0 -40.0 161.0
20.0 -40.0 153.0
18.0 -40.0 146.0
16.0 -40.0 142.0
14.0 -40.0 146.0
12.0 -40.0 145.0
10.0 -40.0 148.0
8.0 -40.0 147.0
6.0 -40.0 146.0
4.0 -40.0 147.0
2.0 -40.0 147.0
0.0 -40.0 148.0
-2.0 -40.0 146.0
-4.0 -40.0 146.0
-6.0 -40.0 145.0
-8.0 -40.0 147.0
-10.0 -40.0 147.0
-12.0 -40.0 148.0
-14.0 -40.0 146.0
-16.0 -40.0 149.0
-18.0 -40.0 148.0
-20.0 -40.0 149.0
-22.0 -40.0 149.0
-24.0 -40.0 151.0
-26.0 -40.0 153.0
-28.0 -40.0 155.0
-30.0 -40.0 160.0
-32.0 -40.0 155.0
-34.0 -40.0 155.0
-36.0 -40.0 158.0
-38.0 -40.0 166.0
-40.0 -40.0 162.0
-40.0 -38.0 172.0
-38.0 -38.0 163.0
-36.0 -38.0 157.0
-34.0 -38.0 155.0
-32.0 -38.0 153.0
-30.0 -38.0 151.0
-28.0 -38.0 155.0
-26.0 -38.0 164.0
-24.0 -38.0 163.0
-22.0 -38.0 159.0
-20.0 -38.0 160.0
-18.0 -38.0 165.0
-16.0 -38.0 157.0
-14.0 -38.0 155.0
-12.0 -38.0 153.0
-10.0 -38.0 155.0
-8.0 -38.0 150.0
-6.0 -38.0 151.0
-4.0 -38.0 147.0
-2.0 -38.0 149.0
0.0 -38.0 149.0
2.0 -38.0 147.0
4.0 -38.0 154.0
6.0 -38.0 147.0
8.0 -38.0 148.0
10.0 -38.0 148.0
12.0 -38.0 155.0
14.0 -38.0 147.0
16.0 -38.0 145.0
18.0 -38.0 146.0
20.0 -38.0 146.0
22.0 -38.0 148.0
24.0 -38.0 147.0
26.0 -38.0 155.0
28.0 -38.0 150.0
30.0 -38.0 153.0
32.0 -38.0 155.0
34.0 -38.0 161.0
36.0 -38.0 155.0
38.0 -38.0 157.0
40.0 -38.0 160.0
40.0 -36.0 164.0
38.0 -36.0 167.0
36.0 -36.0 172.0
34.0 -36.0 172.0
32.0 -36.0 174.0
30.0 -36.0 181.0
28.0 -36.0 172.0
26.0 -36.0 167.0
24.0 -36.0 166.0
22.0 -36.0 174.0
20.0 -36.0 159.0
18.0 -36.0 157.0
16.0 -36.0 155.0
14.0 -36.0 161.0
12.0 -36.0 153.0
10.0 -36.0 151.0
8.0 -36.0 150.0
6.0 -36.0 149.0
4.0 -36.0 145.0
2.0 -36.0 148.0
0.0 -36.0 145.0
-2.0 -36.0 145.0
-4.0 -36.0 145.0
-6.0 -36.0 146.0
-8.0 -36.0 149.0
-10.0 -36.0 146.0
-12.0 -36.0 147.0
-14.0 -36.0 146.0
-16.0 -36.0 154.0
-18.0 -36.0 146.0
-20.0 -36.0 148.0
-22.0 -36.0 149.0
-24.0 -36.0 151.0
-26.0 -36.0 150.0
-28.0 -36.0 153.0
-30.0 -36.0 153.0
-32.0 -36.0 153.0
-34.0 -36.0 156.0
-36.0 -36.0 158.0
-38.0 -36.0 168.0
-40.0 -36.0 161.0
-40.0 -34.0 174.0
-38.0 -34.0 163.0
-36.0 -34.0 158.0
-34.0 -34.0 151.0
-32.0 -34.0 148.0
-30.0 -34.0 150.0
-28.0 -34.0 153.0
-26.0 -34.0 166.0
-24.0 -34.0 162.0
-22.0 -34.0 160.0
-20.0 -34.0 157.0
-18.0 -34.0 164.0
-16.0 -34.0 155.0
-14.0 -34.0 154.0
-12.0 -34.0 153.0
-10.0 -34.0 160.0
-8.0 -34.0 150.0
-6.0 -34.0 149.0
-4.0 -34.0 147.0
-2.0 -34.0 149.0
0.0 -34.0 147.0
2.0 -34.0 147.0
4.0 -34.0 147.0
6.0 -34.0 146.0
8.0 -34.0 145.0
10.0 -34.0 145.0
12.0 -34.0 153.0
14.0 -34.0 144.0
16.0 -34.0 143.0
18.0 -34.0 145.0
20.0 -34.0 150.0
22.0 -34.0 147.0
24.0 -34.0 147.0
26.0 -34.0 148.0
28.0 -34.0 151.0
30.0 -34.0 151.0
32.0 -34.0 155.0
34.0 -34.0 158.0
36.0 -34.0 155.0
38.0 -34.0 157.0
40.0 -34.0 158.0
40.0 -32.0 163.0
38.0 -32.0 166.0
36.0 -32.0 177.0
34.0 -32.0 174.0
32.0 -32.0 175.0
30.0 -32.0 175.0
28.0 -32.0 172.0
26.0 -32.0 170.0
24.0 -32.0 165.0
22.0 -32.0 167.0
20.0 -32.0 160.0
18.0 -32.0 154.0
16.0 -32.0 154.0
14.0 -32.0 157.0
12.0 -32.0 153.0
10.0 -32.0 151.0
8.0 -32.0 149.0
6.0 -32.0 149.0
4.0 -32.0 144.0
2.0 -32.0 144.0
0.0 -32.0 150.0
-2.0 -32.0 145.0
-4.0 -32.0 141.0
-6.0 -32.0 143.0
-8.0 -32.0 146.0
-10.0 -32.0 145.0
-12.0 -32.0 145.0
-14.0 -32.0 146.0
-16.0 -32.0 153.0
-18.0 -32.0 146.0
-20.0 -32.0 145.0
-22.0 -32.0 148.0
-24.0 -32.0 147.0
-26.0 -32.0 148.0
-28.0 -32.0 148.0
-30.0 -32.0 150.0
-32.0 -32.0 151.0
-34.0 -32.0 151.0
-36.0 -32.0 150.0
-38.0 -32.0 161.0
-40.0 -32.0 159.0
-40.0 -30.0 171.0
-38.0 -30.0 162.0
-36.0 -30.0 155.0
-34.0 -30.0 151.0
-32.0 -30.0 150.0
-30.0 -30.0 149.0
-28.0 -30.0 151.0
-26.0 -30.0 154.0
-24.0 -30.0 160.0
-22.0 -30.0 157.0
-20.0 -30.0 154.0
-18.0 -30.0 151.0
-16.0 -30.0 151.0
-14.0 -30.0 153.0
-12.0 -30.0 151.0
-10.0 -30.0 151.0
-8.0 -30.0 147.0
-6.0 -30.0 149.0
-4.0 -30.0 145.0
-2.0 -30.0 153.0
0.0 -30.0 146.0
2.0 -30.0 144.0
4.0 -30.0 145.0
6.0 -30.0 145.0
8.0 -30.0 145.0
10.0 -30.0 143.0
12.0 -30.0 143.0
14.0 -30.0 143.0
16.0 -30.0 143.0
18.0 -30.0 142.0
20.0 -30.0 149.0
22.0 -30.0 143.0
24.0 -30.0 145.0
26.0 -30.0 147.0
28.0 -30.0 154.0
30.0 -30.0 151.0
32.0 -30.0 153.0
34.0 -30.0 151.0
36.0 -30.0 157.0
38.0 -30.0 155.0
40.0 -30.0 158.0
40.0 -28.0 161.0
38.0 -28.0 164.0
36.0 -28.0 168.0
34.0 -28.0 166.0
32.0 -28.0 168.0
30.0 -28.0 170.0
28.0 -28.0 168.0
26.0 -28.0 167.0
24.0 -28.0 162.0
22.0 -28.0 161.0
20.0 -28.0 164.0
18.0 -28.0 155.0
16.0 -28.0 155.0
14.0 -28.0 155.0
12.0 -28.0 151.0
10.0 -28.0 149.0
8.0 -28.0 148.0
6.0 -28.0 145.0
4.0 -28.0 143.0
2.0 -28.0 141.0
0.0 -28.0 142.0
-2.0 -28.0 145.0
-4.0 -28.0 142.0
-6.0 -28.0 142.0
-8.0 -28.0 141.0
-10.0 -28.0 150.0
-12.0 -28.0 144.0
-14.0 -28.0 142.0
-16.0 -28.0 143.0
-18.0 -28.0 149.0
-20.0 -28.0 144.0
-22.0 -28.0 144.0
-24.0 -28.0 146.0
-26.0 -28.0 149.0
-28.0 -28.0 149.0
-30.0 -28.0 148.0
-32.0 -28.0 155.0
-34.0 -28.0 151.0
-36.0 -28.0 153.0
-38.0 -28.0 155.0
-40.0 -28.0 164.0
-40.0 -26.0 158.0
-38.0 -26.0 162.0
-36.0 -26.0 153.0
-34.0 -26.0 148.0
-32.0 -26.0 148.0
-30.0 -26.0 147.0
-28.0 -26.0 149.0
-26.0 -26.0 151.0
-24.0 -26.0 160.0
-22.0 -26.0 156.0
-20.0 -26.0 154.0
-18.0 -26.0 150.0
-16.0 -26.0 156.0
-14.0 -26.0 148.0
-12.0 -26.0 148.0
-10.0 -26.0 147.0
-8.0 -26.0 146.0
-6.0 -26.0 145.0
-4.0 -26.0 146.0
-2.0 -26.0 143.0
0.0 -26.0 144.0
2.0 -26.0 145.0
4.0 -26.0 143.0
6.0 -26.0 150.0
8.0 -26.0 142.0
10.0 -26.0 140.0
12.0 -26.0 141.0
14.0 -26.0 145.0
16.0 -26.0 143.0
18.0 -26.0 142.0
20.0 -26.0 140.0
22.0 -26.0 144.0
24.0 -26.0 144.0
26.0 -26.0 148.0
28.0 -26.0 149.0
30.0 -26.0 144.0
32.0 -26.0 147.0
34.0 -26.0 147.0
36.0 -26.0 158.0
38.0 -26.0 153.0
40.0 -26.0 155.0
40.0 -24.0 159.0
38.0 -24.0 163.0
36.0 -24.0 164.0
34.0 -24.0 164.0
32.0 -24.0 166.0
30.0 -24.0 164.0
28.0 -24.0 164.0
26.0 -24.0 159.0
24.0 -24.0 159.0
22.0 -24.0 156.0
20.0 -24.0 159.0
18.0 -24.0 151.0
16.0 -24.0 149.0
14.0 -24.0 149.0
12.0 -24.0 151.0
10.0 -24.0 143.0
8.0 -24.0 141.0
6.0 -24.0 140.0
4.0 -24.0 141.0
2.0 -24.0 139.0
0.0 -24.0 140.0
-2.0 -24.0 136.0
-4.0 -24.0 137.0
-6.0 -24.0 136.0
-8.0 -24.0 137.0
-10.0 -24.0 144.0
-12.0 -24.0 139.0
-14.0 -24.0 139.0
-16.0 -24.0 139.0
-18.0 -24.0 147.0
-20.0 -24.0 140.0
-22.0 -24.0 140.0
-24.0 -24.0 142.0
-26.0 -24.0 146.0
-28.0 -24.0 143.0
-30.0 -24.0 143.0
-32.0 -24.0 150.0
-34.0 -24.0 146.0
-36.0 -24.0 149.0
-38.0 -24.0 149.0
-40.0 -24.0 161.0
-40.0 -22.0 154.0
-38.0 -22.0 164.0
-36.0 -22.0 148.0
-34.0 -22.0 145.0
-32.0 -22.0 145.0
-30.0 -22.0 142.0
-28.0 -22.0 143.0
-26.0 -22.0 145.0
-24.0 -22.0 150.0
-22.0 -22.0 151.0
-20.0 -22.0 151.0
-18.0 -22.0 145.0
-16.0 -22.0 150.0
-14.0 -22.0 143.0
-12.0 -22.0 142.0
-10.0 -22.0 141.0
-8.0 -22.0 147.0
-6.0 -22.0 140.0
-4.0 -22.0 140.0
-2.0 -22.0 138.0
0.0 -22.0 139.0
2.0 -22.0 136.0
4.0 -22.0 139.0
6.0 -22.0 137.0
8.0 -22.0 134.0
10.0 -22.0 136.0
12.0 -22.0 133.0
14.0 -22.0 143.0
16.0 -22.0 137.0
18.0 -22.0 138.0
20.0 -22.0 137.0
22.0 -22.0 143.0
24.0 -22.0 139.0
26.0 -22.0 140.0
28.0 -22.0 140.0
30.0 -22.0 144.0
32.0 -22.0 144.0
34.0 -22.0 145.0
36.0 -22.0 153.0
38.0 -22.0 148.0
40.0 -22.0 150.0
40.0 -20.0 150.0
38.0 -20.0 158.0
36.0 -20.0 159.0
34.0 -20.0 160.0
32.0 -20.0 161.0
30.0 -20.0 162.0
28.0 -20.0 159.0
26.0 -20.0 156.0
24.0 -20.0 154.0
22.0 -20.0 151.0
20.0 -20.0 150.0
18.0 -20.0 147.0
16.0 -20.0 143.0
14.0 -20.0 143.0
12.0 -20.0 147.0
10.0 -20.0 141.0
8.0 -20.0 140.0
6.0 -20.0 139.0
4.0 -20.0 134.0
2.0 -20.0 138.0
0.0 -20.0 136.0
-2.0 -20.0 134.0
-4.0 -20.0 134.0
-6.0 -20.0 136.0
-8.0 -20.0 136.0
-10.0 -20.0 139.0
-12.0 -20.0 132.0
-14.0 -20.0 134.0
-16.0 -20.0 136.0
-18.0 -20.0 140.0
-20.0 -20.0 138.0
-22.0 -20.0 137.0
-24.0 -20.0 137.0
-26.0 -20.0 139.0
-28.0 -20.0 140.0
-30.0 -20.0 140.0
-32.0 -20.0 147.0
-34.0 -20.0 144.0
-36.0 -20.0 146.0
-38.0 -20.0 145.0
-40.0 -20.0 155.0
-40.0 -18.0 151.0
-38.0 -18.0 155.0
-36.0 -18.0 144.0
-34.0 -18.0 139.0
-32.0 -18.0 134.0
-30.0 -18.0 137.0
-28.0 -18.0 136.0
-26.0 -18.0 147.0
-24.0 -18.0 149.0
-22.0 -18.0 145.0
-20.0 -18.0 144.0
-18.0 -18.0 142.0
-16.0 -18.0 146.0
-14.0 -18.0 138.0
-12.0 -18.0 139.0
-10.0 -18.0 139.0
-8.0 -18.0 141.0
-6.0 -18.0 134.0
-4.0 -18.0 137.0
-2.0 -18.0 134.0
0.0 -18.0 134.0
2.0 -18.0 134.0
4.0 -18.0 134.0
6.0 -18.0 137.0
8.0 -18.0 131.0
10.0 -18.0 132.0
12.0 -18.0 132.0
14.0 -18.0 136.0
16.0 -18.0 134.0
18.0 -18.0 134.0
20.0 -18.0 134.0
22.0 -18.0 136.0
24.0 -18.0 136.0
26.0 -18.0 136.0
28.0 -18.0 138.0
30.0 -18.0 137.0
32.0 -18.0 140.0
34.0 -18.0 141.0
36.0 -18.0 149.0
38.0 -18.0 145.0
40.0 -18.0 147.0
40.0 -16.0 151.0
38.0 -16.0 155.0
36.0 -16.0 155.0
34.0 -16.0 158.0
32.0 -16.0 158.0
30.0 -16.0 159.0
28.0 -16.0 158.0
26.0 -16.0 151.0
24.0 -16.0 151.0
22.0 -16.0 148.0
20.0 -16.0 149.0
18.0 -16.0 144.0
16.0 -16.0 142.0
14.0 -16.0 141.0
12.0 -16.0 145.0
10.0 -16.0 138.0
8.0 -16.0 137.0
6.0 -16.0 136.0
4.0 -16.0 134.0
2.0 -16.0 134.0
0.0 -16.0 134.0
-2.0 -16.0 134.0
-4.0 -16.0 134.0
-6.0 -16.0 134.0
-8.0 -16.0 132.0
-10.0 -16.0 138.0
-12.0 -16.0 134.0
-14.0 -16.0 134.0
-16.0 -16.0 133.0
-18.0 -16.0 133.0
-20.0 -16.0 134.0
-22.0 -16.0 134.0
-24.0 -16.0 137.0
-26.0 -16.0 138.0
-28.0 -16.0 139.0
-30.0 -16.0 137.0
-32.0 -16.0 145.0
-34.0 -16.0 141.0
-36.0 -16.0 141.0
-38.0 -16.0 145.0
-40.0 -16.0 156.0
-40.0 -14.0 149.0
-38.0 -14.0 151.0
-36.0 -14.0 142.0
-34.0 -14.0 137.0
-32.0 -14.0 132.0
-30.0 -14.0 132.0
-28.0 -14.0 132.0
-26.0 -14.0 141.0
-24.0 -14.0 154.0
-22.0 -14.0 145.0
-20.0 -14.0 143.0
-18.0 -14.0 142.0
-16.0 -14.0 144.0
-14.0 -14.0 137.0
-12.0 -14.0 136.0
-10.0 -14.0 134.0
-8.0 -14.0 134.0
-6.0 -14.0 134.0
-4.0 -14.0 134.0
-2.0 -14.0 139.0
0.0 -14.0 132.0
2.0 -14.0 131.0
4.0 -14.0 132.0
6.0 -14.0 137.0
8.0 -14.0 132.0
10.0 -14.0 132.0
12.0 -14.0 132.0
14.0 -14.0 137.0
16.0 -14.0 132.0
18.0 -14.0 134.0
20.0 -14.0 134.0
22.0 -14.0 134.0
24.0 -14.0 134.0
26.0 -14.0 136.0
28.0 -14.0 138.0
30.0 -14.0 138.0
32.0 -14.0 138.0
34.0 -14.0 138.0
36.0 -14.0 147.0
38.0 -14.0 144.0
40.0 -14.0 144.0
40.0 -12.0 148.0
38.0 -12.0 151.0
36.0 -12.0 154.0
34.0 -12.0 155.0
32.0 -12.0 156.0
30.0 -12.0 156.0
28.0 -12.0 161.0
26.0 -12.0 151.0
24.0 -12.0 147.0
22.0 -12.0 146.0
20.0 -12.0 150.0
18.0 -12.0 142.0
16.0 -12.0 141.0
14.0 -12.0 138.0
12.0 -12.0 142.0
10.0 -12.0 137.0
8.0 -12.0 136.0
6.0 -12.0 133.0
4.0 -12.0 131.0
2.0 -12.0 131.0
0.0 -12.0 132.0
-2.0 -12.0 134.0
-4.0 -12.0 131.0
-6.0 -12.0 130.0
-8.0 -12.0 131.0
-10.0 -12.0 133.0
-12.0 -12.0 132.0
-14.0 -12.0 132.0
-16.0 -12.0 132.0
-18.0 -12.0 134.0
-20.0 -12.0 132.0
-22.0 -12.0 132.0
-24.0 -12.0 137.0
-26.0 -12.0 134.0
-28.0 -12.0 134.0
-30.0 -12.0 136.0
-32.0 -12.0 142.0
-34.0 -12.0 139.0
-36.0 -12.0 140.0
-38.0 -12.0 142.0
-40.0 -12.0 146.0
-40.0 -10.0 146.0
-38.0 -10.0 142.0
-36.0 -10.0 137.0
-34.0 -10.0 133.0
-32.0 -10.0 132.0
-30.0 -10.0 131.0
-28.0 -10.0 132.0
-26.0 -10.0 140.0
-24.0 -10.0 150.0
-22.0 -10.0 145.0
-20.0 -10.0 143.0
-18.0 -10.0 139.0
-16.0 -10.0 128.0
-14.0 -10.0 112.0
-12.0 -10.0 108.0
-10.0 -10.0 96.0
-8.0 -10.0 82.0
-6.0 -10.0 76.0
-4.0 -10.0 75.0
-2.0 -10.0 80.0
0.0 -10.0 88.0
2.0 -10.0 89.0
4.0 -10.0 82.0
6.0 -10.0 77.0
8.0 -10.0 77.0
10.0 -10.0 80.0
12.0 -10.0 80.0
14.0 -10.0 83.0
2.0 -4.0 130.0
0.0 -4.0 129.0
-2.0 -4.0 130.0
-4.0 -4.0 133.0
-6.0 -4.0 123.0
-8.0 -4.0 71.0
-10.0 -4.0 68.0
-12.0 -4.0 72.0
-14.0 -4.0 69.0
-16.0 -4.0 67.0
-18.0 -4.0 68.0
-20.0 -4.0 68.0
-22.0 -4.0 68.0
-24.0 -4.0 68.0
-26.0 -4.0 69.0
-28.0 -4.0 69.0
-30.0 -4.0 69.0
-32.0 -4.0 72.0
-34.0 -4.0 69.0
-36.0 -4.0 70.0
-38.0 -4.0 128.0
-40.0 -4.0 148.0
-40.0 -2.0 142.0
-38.0 -2.0 141.0
-36.0 -2.0 138.0
-34.0 -2.0 136.0
-32.0 -2.0 132.0
-30.0 -2.0 131.0
-28.0 -2.0 134.0
-26.0 -2.0 141.0
-24.0 -2.0 148.0
-22.0 -2.0 140.0
-20.0 -2.0 100.0
-18.0 -2.0 74.0
-16.0 -2.0 76.0
-14.0 -2.0 71.0
-12.0 -2.0 70.0
-10.0 -2.0 70.0
-8.0 -2.0 69.0
-6.0 -2.0 69.0
-4.0 -2.0 68.0
-2.0 -2.0 74.0
0.0 -2.0 70.0
2.0 -2.0 68.0
4.0 -2.0 69.0
6.0 -2.0 68.0
8.0 -2.0 68.0
10.0 -2.0 68.0
12.0 -2.0 120.0
14.0 -2.0 127.0
16.0 -2.0 130.0
18.0 -2.0 130.0
20.0 -2.0 130.0
22.0 -2.0 129.0
24.0 -2.0 132.0
26.0 -2.0 136.0
28.0 -2.0 134.0
30.0 -2.0 136.0
32.0 -2.0 136.0
34.0 -2.0 141.0
36.0 -2.0 139.0
38.0 -2.0 143.0
40.0 -2.0 143.0
40.0 0.0 148.0
38.0 0.0 150.0
36.0 0.0 154.0
34.0 0.0 151.0
32.0 0.0 150.0
30.0 0.0 151.0
28.0 0.0 151.0
26.0 0.0 150.0
24.0 0.0 149.0
22.0 0.0 151.0
20.0 0.0 145.0
18.0 0.0 142.0
16.0 0.0 138.0
14.0 0.0 141.0
12.0 0.0 136.0
10.0 0.0 131.0
8.0 0.0 130.0
6.0 0.0 124.0
4.0 0.0 127.0
2.0 0.0 125.0
0.0 0.0 119.0
-2.0 0.0 120.0
-4.0 0.0 124.0
-6.0 0.0 117.0
-8.0 0.0 71.0
-10.0 0.0 69.0
-12.0 0.0 68.0
-14.0 0.0 68.0
-16.0 0.0 68.0
-18.0 0.0 67.0
-20.0 0.0 68.0
-22.0 0.0 72.0
-24.0 0.0 69.0
-26.0 0.0 68.0
-28.0 0.0 69.0
-30.0 0.0 69.0
-32.0 0.0 69.0
-34.0 0.0 70.0
-36.0 0.0 80.0
-38.0 0.0 138.0
-40.0 0.0 139.0
-40.0 2.0 141.0
-38.0 2.0 139.0
-36.0 2.0 136.0
-34.0 2.0 132.0
-32.0 2.0 129.0
-30.0 2.0 131.0
-28.0 2.0 142.0
-26.0 2.0 141.0
-24.0 2.0 140.0
-22.0 2.0 139.0
-20.0 2.0 143.0
-18.0 2.0 74.0
-16.0 2.0 71.0
-14.0 2.0 69.0
-12.0 2.0 69.0
-10.0 2.0 69.0
-8.0 2.0 67.0
-6.0 2.0 73.0
-4.0 2.0 69.0
-2.0 2.0 67.0
0.0 2.0 68.0
2.0 2.0 67.0
4.0 2.0 67.0
6.0 2.0 67.0
8.0 2.0 73.0
10.0 2.0 70.0
12.0 2.0 78.0
14.0 2.0 125.0
16.0 2.0 128.0
18.0 2.0 128.0
20.0 2.0 130.0
22.0 2.0 136.0
24.0 2.0 132.0
26.0 2.0 129.0
28.0 2.0 131.0
30.0 2.0 139.0
32.0 2.0 134.0
34.0 2.0 133.0
36.0 2.0 134.0
38.0 2.0 140.0
40.0 2.0 142.0
40.0 4.0 145.0
38.0 4.0 149.0
36.0 4.0 150.0
34.0 4.0 150.0
32.0 4.0 154.0
30.0 4.0 150.0
28.0 4.0 151.0
26.0 4.0 151.0
24.0 4.0 147.0
22.0 4.0 145.0
20.0 4.0 142.0
18.0 4.0 140.0
16.0 4.0 134.0
14.0 4.0 137.0
12.0 4.0 138.0
10.0 4.0 133.0
8.0 4.0 128.0
6.0 4.0 131.0
4.0 4.0 136.0
2.0 4.0 132.0
0.0 4.0 129.0
-2.0 4.0 129.0
-4.0 4.0 127.0
-6.0 4.0 96.0
-8.0 4.0 70.0
-10.0 4.0 70.0
-12.0 4.0 67.0
-14.0 4.0 67.0
-16.0 4.0 67.0
-18.0 4.0 67.0
-20.0 4.0 66.0
-22.0 4.0 67.0
-24.0 4.0 70.0
-26.0 4.0 68.0
-28.0 4.0 68.0
-30.0 4.0 69.0
-32.0 4.0 69.0
-34.0 4.0 68.0
-36.0 4.0 72.0
-38.0 4.0 137.0
-40.0 4.0 139.0
-40.0 6.0 148.0
-38.0 6.0 143.0
-36.0 6.0 138.0
-34.0 6.0 133.0
-32.0 6.0 130.0
-30.0 6.0 128.0
-28.0 6.0 136.0
-26.0 6.0 141.0
-24.0 6.0 144.0
-22.0 6.0 139.0
-20.0 6.0 138.0
-18.0 6.0 74.0
-16.0 6.0 69.0
-14.0 6.0 69.0
-12.0 6.0 69.0
-10.0 6.0 69.0
-8.0 6.0 68.0
-6.0 6.0 68.0
-4.0 6.0 70.0
-2.0 6.0 67.0
0.0 6.0 68.0
2.0 6.0 65.0
4.0 6.0 68.0
6.0 6.0 67.0
8.0 6.0 68.0
10.0 6.0 70.0
12.0 6.0 71.0
14.0 6.0 125.0
16.0 6.0 129.0
18.0 6.0 133.0
20.0 6.0 130.0
22.0 6.0 131.0
24.0 6.0 131.0
26.0 6.0 130.0
28.0 6.0 132.0
30.0 6.0 134.0
32.0 6.0 136.0
34.0 6.0 136.0
36.0 6.0 138.0
38.0 6.0 140.0
40.0 6.0 147.0
40.0 8.0 144.0
38.0 8.0 164.0
36.0 8.0 148.0
34.0 8.0 150.0
32.0 8.0 149.0
30.0 8.0 136.0
28.0 8.0 134.0
26.0 8.0 136.0
24.0 8.0 139.0
22.0 8.0 134.0
20.0 8.0 134.0
6.0 40.0 9.0
4.0 40.0 21.0
2.0 40.0 14.0
0.0 40.0 11.0
-2.0 40.0 14.0
-4.0 40.0 17.0
-6.0 40.0 15.0
-8.0 40.0 11.0
-10.0 40.0 15.0
-12.0 40.0 11.0
-14.0 40.0 6.0
-16.0 40.0 9.0
-18.0 40.0 15.0
-20.0 40.0 1.0
-22.0 40.0 17.0
-24.0 40.0 21.0
-26.0 40.0 19.0
-28.0 40.0 14.0
-30.0 40.0 11.0
-32.0 40.0 11.0
-34.0 40.0 19.0
-36.0 40.0 9.0
-38.0 40.0 10.0
-40.0 40.0 10.0
-40.0 42.0 14.0
-38.0 42.0 11.0
-36.0 42.0 17.0
-34.0 42.0 22.0
-32.0 42.0 9.0
-30.0 42.0 9.0
-28.0 42.0 14.0
-26.0 42.0 14.0
-24.0 42.0 10.0
-22.0 42.0 14.0
-20.0 42.0 9.0
-18.0 42.0 11.0
-16.0 42.0 17.0
-14.0 42.0 11.0
-12.0 42.0 9.0
-10.0 42.0 15.0
-8.0 42.0 14.0
-6.0 42.0 11.0
-4.0 42.0 14.0
-2.0 42.0 1.0
0.0 42.0 9.0
2.0 42.0 10.0
4.0 42.0 9.0
6.0 42.0 2.0
8.0 42.0 11.0
10.0 42.0 14.0
12.0 42.0 9.0
14.0 42.0 9.0
16.0 42.0 11.0
18.0 42.0 14.0
20.0 42.0 2.0
22.0 42.0 11.0
24.0 42.0 4.0
26.0 42.0 11.0
28.0 42.0 5.0
30.0 42.0 2.0
32.0 42.0 5.0
34.0 42.0 1.0
36.0 42.0 5.0
38.0 42.0 2.0
40.0 42.0 9.0
