60.0 120.0 0.0
58.0 120.0 71.0
56.0 120.0 71.0
54.0 120.0 71.0
52.0 120.0 68.0
50.0 120.0 69.0
48.0 120.0 69.0
46.0 120.0 65.0
44.0 120.0 34.0
42.0 120.0 40.0
40.0 120.0 36.0
38.0 120.0 52.0
36.0 120.0 72.0
34.0 120.0 70.0
32.0 120.0 69.0
30.0 120.0 70.0
28.0 120.0 70.0
26.0 120.0 67.0
24.0 120.0 67.0
22.0 120.0 37.0
20.0 120.0 0.0
18.0 120.0 0.0
16.0 120.0 0.0
14.0 120.0 22.0
12.0 120.0 26.0
10.0 120.0 21.0
8.0 120.0 26.0
6.0 120.0 25.0
4.0 120.0 67.0
2.0 120.0 68.0
0.0 120.0 71.0
0.0 126.0 41.0
2.0 126.0 43.0
4.0 126.0 42.0
6.0 126.0 59.0
8.0 126.0 71.0
10.0 126.0 69.0
12.0 126.0 30.0
14.0 126.0 24.0
16.0 126.0 0.0
18.0 126.0 16.0
20.0 126.0 12.0
22.0 126.0 0.0
24.0 126.0 0.0
26.0 126.0 0.0
28.0 126.0 0.0
30.0 126.0 58.0
32.0 126.0 69.0
34.0 126.0 69.0
36.0 126.0 68.0
38.0 126.0 68.0
40.0 126.0 66.0
42.0 126.0 67.0
44.0 126.0 69.0
46.0 126.0 36.0
48.0 126.0 35.0
50.0 126.0 40.0
52.0 126.0 65.0
54.0 126.0 67.0
56.0 126.0 67.0
58.0 126.0 67.0
60.0 126.0 70.0
60.0 132.0 69.0
58.0 132.0 69.0
56.0 132.0 69.0
54.0 132.0 67.0
52.0 132.0 71.0
50.0 132.0 66.0
48.0 132.0 66.0
46.0 132.0 67.0
44.0 132.0 37.0
42.0 132.0 35.0
40.0 132.0 48.0
38.0 132.0 56.0
36.0 132.0 69.0
34.0 132.0 69.0
32.0 132.0 69.0
30.0 132.0 68.0
28.0 132.0 69.0
26.0 132.0 69.0
24.0 132.0 70.0
22.0 132.0 44.0
20.0 132.0 26.0
18.0 132.0 0.0
16.0 132.0 0.0
14.0 132.0 12.0
12.0 132.0 21.0
10.0 132.0 15.0
8.0 132.0 26.0
6.0 132.0 25.0
4.0 132.0 60.0
2.0 132.0 57.0
0.0 132.0 50.0
0.0 138.0 36.0
2.0 138.0 39.0
4.0 138.0 38.0
6.0 138.0 31.0
8.0 138.0 36.0
10.0 138.0 34.0
12.0 138.0 31.0
14.0 138.0 0.0
16.0 138.0 0.0
18.0 138.0 19.0
20.0 138.0 19.0
22.0 138.0 15.0
24.0 138.0 0.0
26.0 138.0 0.0
28.0 138.0 31.0
30.0 138.0 35.0
32.0 138.0 37.0
34.0 138.0 57.0
36.0 138.0 66.0
38.0 138.0 65.0
40.0 138.0 58.0
42.0 138.0 25.0
44.0 138.0 22.0
46.0 138.0 31.0
48.0 138.0 37.0
50.0 138.0 37.0
52.0 138.0 36.0
54.0 138.0 25.0
56.0 138.0 24.0
58.0 138.0 31.0
60.0 138.0 51.0
60.0 144.0 49.0
58.0 144.0 49.0
56.0 144.0 43.0
54.0 144.0 41.0
52.0 144.0 27.0
50.0 144.0 24.0
48.0 144.0 25.0
46.0 144.0 26.0
44.0 144.0 24.0
42.0 144.0 25.0
40.0 144.0 26.0
38.0 144.0 25.0
36.0 144.0 27.0
34.0 144.0 43.0
32.0 144.0 49.0
30.0 144.0 49.0
28.0 144.0 42.0
26.0 144.0 31.0
24.0 144.0 34.0
22.0 144.0 15.0
20.0 144.0 0.0
18.0 144.0 20.0
16.0 144.0 21.0
14.0 144.0 11.0
12.0 144.0 20.0
10.0 144.0 20.0
8.0 144.0 17.0
6.0 144.0 31.0
4.0 144.0 37.0
2.0 144.0 27.0
0.0 144.0 27.0
0.0 150.0 27.0
2.0 150.0 32.0
4.0 150.0 36.0
6.0 150.0 26.0
8.0 150.0 31.0
10.0 150.0 32.0
12.0 150.0 21.0
14.0 150.0 19.0
16.0 150.0 22.0
18.0 150.0 9.0
20.0 150.0 21.0
22.0 150.0 27.0
24.0 150.0 26.0
26.0 150.0 35.0
28.0 150.0 27.0
30.0 150.0 34.0
32.0 150.0 34.0
34.0 150.0 40.0
36.0 150.0 42.0
38.0 150.0 46.0
40.0 150.0 39.0
42.0 150.0 30.0
44.0 150.0 25.0
46.0 150.0 27.0
48.0 150.0 26.0
50.0 150.0 27.0
52.0 150.0 26.0
54.0 150.0 21.0
56.0 150.0 26.0
58.0 150.0 27.0
60.0 150.0 41.0
60.0 156.0 46.0
58.0 156.0 40.0
56.0 156.0 37.0
54.0 156.0 43.0
52.0 156.0 41.0
50.0 156.0 24.0
48.0 156.0 30.0
46.0 156.0 30.0
44.0 156.0 25.0
42.0 156.0 22.0
40.0 156.0 22.0
38.0 156.0 26.0
36.0 156.0 27.0
34.0 156.0 39.0
32.0 156.0 39.0
30.0 156.0 40.0
28.0 156.0 39.0
26.0 156.0 35.0
24.0 156.0 30.0
22.0 156.0 25.0
20.0 156.0 0.0
18.0 156.0 12.0
16.0 156.0 34.0
14.0 156.0 25.0
12.0 156.0 26.0
10.0 156.0 20.0
8.0 156.0 20.0
6.0 156.0 21.0
4.0 156.0 22.0
2.0 156.0 32.0
0.0 156.0 34.0
0.0 162.0 32.0
2.0 162.0 49.0
4.0 162.0 35.0
6.0 162.0 42.0
8.0 162.0 45.0
10.0 162.0 26.0
12.0 162.0 26.0
14.0 162.0 25.0
16.0 162.0 26.0
18.0 162.0 19.0
20.0 162.0 14.0
22.0 162.0 22.0
24.0 162.0 32.0
26.0 162.0 27.0
28.0 162.0 19.0
30.0 162.0 22.0
32.0 162.0 42.0
34.0 162.0 22.0
36.0 162.0 41.0
38.0 162.0 50.0
40.0 162.0 44.0
42.0 162.0 49.0
44.0 162.0 32.0
46.0 162.0 22.0
48.0 162.0 27.0
50.0 162.0 22.0
52.0 162.0 30.0
54.0 162.0 30.0
56.0 162.0 25.0
58.0 162.0 39.0
60.0 162.0 43.0
60.0 168.0 0.0
58.0 168.0 0.0
56.0 168.0 0.0
54.0 168.0 0.0
52.0 168.0 0.0
50.0 168.0 0.0
48.0 168.0 0.0
46.0 168.0 0.0
44.0 168.0 0.0
42.0 168.0 0.0
40.0 168.0 0.0
38.0 168.0 0.0
36.0 168.0 0.0
34.0 168.0 36.0
32.0 168.0 21.0
30.0 168.0 30.0
28.0 168.0 35.0
26.0 168.0 40.0
24.0 168.0 30.0
22.0 168.0 19.0
20.0 168.0 14.0
18.0 168.0 27.0
16.0 168.0 0.0
14.0 168.0 25.0
12.0 168.0 26.0
10.0 168.0 16.0
8.0 168.0 22.0
6.0 168.0 0.0
4.0 168.0 20.0
2.0 168.0 0.0
0.0 168.0 0.0
0.0 174.0 32.0
2.0 174.0 32.0
4.0 174.0 19.0
6.0 174.0 26.0
8.0 174.0 0.0
10.0 174.0 0.0
12.0 174.0 15.0
14.0 174.0 12.0
16.0 174.0 16.0
18.0 174.0 20.0
20.0 174.0 12.0
22.0 174.0 1.0
24.0 174.0 25.0
26.0 174.0 16.0
28.0 174.0 0.0
30.0 174.0 12.0
32.0 174.0 20.0
34.0 174.0 36.0
36.0 174.0 34.0
38.0 174.0 42.0
40.0 174.0 43.0
42.0 174.0 27.0
44.0 174.0 26.0
46.0 174.0 0.0
48.0 174.0 17.0
50.0 174.0 20.0
52.0 174.0 11.0
54.0 174.0 21.0
56.0 174.0 0.0
58.0 174.0 16.0
60.0 174.0 32.0
60.0 180.0 31.0
58.0 180.0 0.0
56.0 180.0 0.0
54.0 180.0 34.0
52.0 180.0 31.0
50.0 180.0 21.0
48.0 180.0 17.0
46.0 180.0 31.0
44.0 180.0 21.0
42.0 180.0 20.0
40.0 180.0 21.0
38.0 180.0 22.0
36.0 180.0 25.0
34.0 180.0 27.0
32.0 180.0 36.0
30.0 180.0 41.0
28.0 180.0 0.0
26.0 180.0 25.0
24.0 180.0 25.0
22.0 180.0 20.0
20.0 180.0 21.0
18.0 180.0 21.0
16.0 180.0 6.0
14.0 180.0 15.0
12.0 180.0 14.0
10.0 180.0 0.0
8.0 180.0 11.0
6.0 180.0 15.0
4.0 180.0 19.0
2.0 180.0 6.0
0.0 180.0 26.0
0.0 186.0 27.0
2.0 186.0 26.0
4.0 186.0 0.0
6.0 186.0 0.0
8.0 186.0 12.0
10.0 186.0 19.0
12.0 186.0 16.0
14.0 186.0 17.0
16.0 186.0 0.0
18.0 186.0 12.0
20.0 186.0 16.0
22.0 186.0 31.0
24.0 186.0 14.0
26.0 186.0 9.0
28.0 186.0 1.0
30.0 186.0 27.0
32.0 186.0 17.0
34.0 186.0 0.0
36.0 186.0 31.0
38.0 186.0 35.0
40.0 186.0 40.0
42.0 186.0 35.0
44.0 186.0 0.0
46.0 186.0 0.0
48.0 186.0 0.0
50.0 186.0 0.0
52.0 186.0 21.0
54.0 186.0 19.0
56.0 186.0 27.0
58.0 186.0 27.0
60.0 186.0 0.0
