60.0 120.0 71.0
58.0 120.0 75.0
56.0 120.0 71.0
54.0 120.0 70.0
52.0 120.0 72.0
50.0 120.0 70.0
48.0 120.0 70.0
46.0 120.0 69.0
44.0 120.0 31.0
42.0 120.0 41.0
40.0 120.0 36.0
38.0 120.0 51.0
36.0 120.0 73.0
34.0 120.0 67.0
32.0 120.0 68.0
30.0 120.0 66.0
28.0 120.0 68.0
26.0 120.0 68.0
24.0 120.0 73.0
22.0 120.0 72.0
20.0 120.0 70.0
18.0 120.0 75.0
16.0 120.0 77.0
14.0 120.0 73.0
12.0 120.0 74.0
10.0 120.0 61.0
8.0 120.0 63.0
6.0 120.0 77.0
4.0 120.0 70.0
2.0 120.0 78.0
0.0 120.0 75.0
0.0 126.0 45.0
2.0 126.0 43.0
4.0 126.0 44.0
6.0 126.0 62.0
8.0 126.0 70.0
10.0 126.0 63.0
12.0 126.0 65.0
14.0 126.0 62.0
16.0 126.0 61.0
18.0 126.0 76.0
20.0 126.0 73.0
22.0 126.0 72.0
24.0 126.0 71.0
26.0 126.0 71.0
28.0 126.0 71.0
30.0 126.0 71.0
32.0 126.0 70.0
34.0 126.0 70.0
36.0 126.0 70.0
38.0 126.0 70.0
40.0 126.0 70.0
42.0 126.0 70.0
44.0 126.0 70.0
46.0 126.0 49.0
48.0 126.0 32.0
50.0 126.0 45.0
52.0 126.0 67.0
54.0 126.0 68.0
56.0 126.0 68.0
58.0 126.0 68.0
60.0 126.0 70.0
60.0 132.0 70.0
58.0 132.0 70.0
56.0 132.0 70.0
54.0 132.0 70.0
52.0 132.0 68.0
50.0 132.0 68.0
48.0 132.0 68.0
46.0 132.0 68.0
44.0 132.0 38.0
42.0 132.0 38.0
40.0 132.0 49.0
38.0 132.0 58.0
36.0 132.0 70.0
34.0 132.0 70.0
32.0 132.0 70.0
30.0 132.0 70.0
28.0 132.0 70.0
26.0 132.0 70.0
24.0 132.0 70.0
22.0 132.0 72.0
20.0 132.0 73.0
18.0 132.0 73.0
16.0 132.0 75.0
14.0 132.0 76.0
12.0 132.0 75.0
10.0 132.0 65.0
8.0 132.0 63.0
6.0 132.0 63.0
4.0 132.0 62.0
2.0 132.0 59.0
0.0 132.0 44.0
0.0 138.0 38.0
2.0 138.0 37.0
4.0 138.0 44.0
6.0 138.0 42.0
8.0 138.0 37.0
10.0 138.0 36.0
12.0 138.0 52.0
14.0 138.0 58.0
16.0 138.0 57.0
18.0 138.0 61.0
20.0 138.0 65.0
22.0 138.0 68.0
24.0 138.0 68.0
26.0 138.0 69.0
28.0 138.0 71.0
30.0 138.0 68.0
32.0 138.0 68.0
34.0 138.0 69.0
36.0 138.0 71.0
38.0 138.0 62.0
40.0 138.0 58.0
42.0 138.0 30.0
44.0 138.0 27.0
46.0 138.0 26.0
48.0 138.0 38.0
50.0 138.0 38.0
52.0 138.0 37.0
54.0 138.0 25.0
56.0 138.0 26.0
58.0 138.0 30.0
60.0 138.0 50.0
60.0 144.0 48.0
58.0 144.0 49.0
56.0 144.0 44.0
54.0 144.0 41.0
52.0 144.0 30.0
50.0 144.0 26.0
48.0 144.0 26.0
46.0 144.0 27.0
44.0 144.0 26.0
42.0 144.0 27.0
40.0 144.0 26.0
38.0 144.0 22.0
36.0 144.0 26.0
34.0 144.0 37.0
32.0 144.0 50.0
30.0 144.0 54.0
28.0 144.0 61.0
26.0 144.0 55.0
24.0 144.0 43.0
22.0 144.0 0.0
20.0 144.0 0.0
18.0 144.0 0.0
16.0 144.0 21.0
14.0 144.0 14.0
12.0 144.0 19.0
10.0 144.0 11.0
8.0 144.0 16.0
6.0 144.0 22.0
4.0 144.0 15.0
2.0 144.0 21.0
0.0 144.0 14.0
0.0 150.0 17.0
2.0 150.0 21.0
4.0 150.0 22.0
6.0 150.0 14.0
8.0 150.0 21.0
10.0 150.0 20.0
12.0 150.0 20.0
14.0 150.0 20.0
16.0 150.0 15.0
18.0 150.0 15.0
20.0 150.0 16.0
22.0 150.0 14.0
24.0 150.0 21.0
26.0 150.0 16.0
28.0 150.0 0.0
30.0 150.0 0.0
32.0 150.0 0.0
34.0 150.0 0.0
36.0 150.0 34.0
38.0 150.0 52.0
40.0 150.0 39.0
42.0 150.0 32.0
44.0 150.0 27.0
46.0 150.0 25.0
48.0 150.0 26.0
50.0 150.0 30.0
52.0 150.0 26.0
54.0 150.0 26.0
56.0 150.0 25.0
58.0 150.0 22.0
60.0 150.0 37.0
60.0 156.0 41.0
58.0 156.0 40.0
56.0 156.0 44.0
54.0 156.0 43.0
52.0 156.0 27.0
50.0 156.0 19.0
48.0 156.0 20.0
46.0 156.0 26.0
44.0 156.0 22.0
42.0 156.0 30.0
40.0 156.0 21.0
38.0 156.0 20.0
36.0 156.0 30.0
34.0 156.0 44.0
32.0 156.0 41.0
30.0 156.0 26.0
28.0 156.0 35.0
26.0 156.0 52.0
24.0 156.0 0.0
22.0 156.0 0.0
20.0 156.0 0.0
18.0 156.0 0.0
16.0 156.0 10.0
14.0 156.0 16.0
12.0 156.0 17.0
10.0 156.0 14.0
8.0 156.0 16.0
6.0 156.0 17.0
4.0 156.0 21.0
2.0 156.0 14.0
0.0 156.0 15.0
0.0 162.0 22.0
2.0 162.0 11.0
4.0 162.0 22.0
6.0 162.0 5.0
8.0 162.0 16.0
10.0 162.0 16.0
12.0 162.0 21.0
14.0 162.0 21.0
16.0 162.0 14.0
18.0 162.0 19.0
20.0 162.0 22.0
22.0 162.0 16.0
24.0 162.0 17.0
26.0 162.0 0.0
28.0 162.0 0.0
30.0 162.0 0.0
32.0 162.0 0.0
34.0 162.0 0.0
36.0 162.0 22.0
38.0 162.0 22.0
40.0 162.0 27.0
42.0 162.0 35.0
44.0 162.0 32.0
46.0 162.0 26.0
48.0 162.0 26.0
50.0 162.0 22.0
52.0 162.0 26.0
54.0 162.0 30.0
56.0 162.0 25.0
58.0 162.0 24.0
60.0 162.0 36.0
60.0 168.0 0.0
58.0 168.0 36.0
56.0 168.0 40.0
54.0 168.0 30.0
52.0 168.0 24.0
50.0 168.0 22.0
48.0 168.0 26.0
46.0 168.0 21.0
44.0 168.0 21.0
42.0 168.0 30.0
40.0 168.0 22.0
38.0 168.0 22.0
36.0 168.0 22.0
34.0 168.0 30.0
32.0 168.0 0.0
30.0 168.0 0.0
28.0 168.0 0.0
26.0 168.0 37.0
24.0 168.0 0.0
22.0 168.0 0.0
20.0 168.0 0.0
18.0 168.0 0.0
16.0 168.0 0.0
14.0 168.0 0.0
12.0 168.0 0.0
10.0 168.0 34.0
8.0 168.0 0.0
6.0 168.0 27.0
4.0 168.0 0.0
2.0 168.0 0.0
0.0 168.0 0.0
0.0 174.0 69.0
2.0 174.0 80.0
4.0 174.0 82.0
6.0 174.0 0.0
8.0 174.0 17.0
10.0 174.0 10.0
12.0 174.0 5.0
14.0 174.0 0.0
16.0 174.0 2.0
18.0 174.0 5.0
20.0 174.0 17.0
22.0 174.0 9.0
24.0 174.0 17.0
26.0 174.0 35.0
28.0 174.0 0.0
30.0 174.0 0.0
32.0 174.0 0.0
34.0 174.0 30.0
36.0 174.0 22.0
38.0 174.0 22.0
40.0 174.0 0.0
42.0 174.0 0.0
44.0 174.0 0.0
46.0 174.0 0.0
48.0 174.0 27.0
50.0 174.0 21.0
52.0 174.0 24.0
54.0 174.0 30.0
56.0 174.0 0.0
58.0 174.0 0.0
60.0 174.0 32.0
60.0 180.0 24.0
58.0 180.0 34.0
56.0 180.0 0.0
54.0 180.0 27.0
52.0 180.0 32.0
50.0 180.0 24.0
48.0 180.0 19.0
46.0 180.0 0.0
44.0 180.0 17.0
42.0 180.0 16.0
40.0 180.0 20.0
38.0 180.0 20.0
36.0 180.0 21.0
34.0 180.0 30.0
32.0 180.0 25.0
30.0 180.0 21.0
28.0 180.0 0.0
26.0 180.0 21.0
24.0 180.0 25.0
22.0 180.0 37.0
20.0 180.0 0.0
18.0 180.0 0.0
16.0 180.0 0.0
14.0 180.0 32.0
12.0 180.0 26.0
10.0 180.0 0.0
8.0 180.0 21.0
6.0 180.0 5.0
4.0 180.0 0.0
2.0 180.0 2.0
0.0 180.0 0.0
0.0 186.0 0.0
2.0 186.0 0.0
4.0 186.0 32.0
6.0 186.0 0.0
8.0 186.0 9.0
10.0 186.0 12.0
12.0 186.0 15.0
14.0 186.0 4.0
16.0 186.0 0.0
18.0 186.0 11.0
20.0 186.0 21.0
22.0 186.0 38.0
24.0 186.0 0.0
26.0 186.0 0.0
28.0 186.0 0.0
30.0 186.0 38.0
32.0 186.0 26.0
34.0 186.0 26.0
36.0 186.0 0.0
38.0 186.0 20.0
40.0 186.0 30.0
42.0 186.0 30.0
44.0 186.0 30.0
46.0 186.0 24.0
48.0 186.0 19.0
50.0 186.0 27.0
52.0 186.0 21.0
54.0 186.0 0.0
56.0 186.0 0.0
58.0 186.0 0.0
60.0 186.0 0.0
