60.0 120.0 71.0
58.0 120.0 74.0
56.0 120.0 71.0
54.0 120.0 71.0
52.0 120.0 71.0
50.0 120.0 84.0
48.0 120.0 72.0
46.0 120.0 70.0
44.0 120.0 69.0
42.0 120.0 82.0
40.0 120.0 72.0
38.0 120.0 71.0
36.0 120.0 71.0
34.0 120.0 71.0
32.0 120.0 73.0
30.0 120.0 72.0
28.0 120.0 72.0
26.0 120.0 36.0
24.0 120.0 44.0
22.0 120.0 48.0
20.0 120.0 42.0
18.0 120.0 45.0
16.0 120.0 49.0
14.0 120.0 49.0
12.0 120.0 50.0
10.0 120.0 45.0
8.0 120.0 48.0
6.0 120.0 40.0
4.0 120.0 46.0
2.0 120.0 40.0
0.0 120.0 40.0
0.0 126.0 42.0
2.0 126.0 43.0
4.0 126.0 43.0
6.0 126.0 37.0
8.0 126.0 39.0
10.0 126.0 38.0
12.0 126.0 45.0
14.0 126.0 50.0
16.0 126.0 40.0
18.0 126.0 40.0
20.0 126.0 45.0
22.0 126.0 39.0
24.0 126.0 40.0
26.0 126.0 40.0
28.0 126.0 40.0
30.0 126.0 45.0
32.0 126.0 35.0
34.0 126.0 30.0
36.0 126.0 69.0
38.0 126.0 71.0
40.0 126.0 69.0
42.0 126.0 69.0
44.0 126.0 71.0
46.0 126.0 69.0
48.0 126.0 69.0
50.0 126.0 69.0
52.0 126.0 69.0
54.0 126.0 69.0
56.0 126.0 69.0
58.0 126.0 71.0
60.0 126.0 71.0
60.0 132.0 71.0
58.0 132.0 69.0
56.0 132.0 71.0
54.0 132.0 69.0
52.0 132.0 71.0
50.0 132.0 71.0
48.0 132.0 69.0
46.0 132.0 71.0
44.0 132.0 69.0
42.0 132.0 71.0
40.0 132.0 69.0
38.0 132.0 71.0
36.0 132.0 71.0
34.0 132.0 69.0
32.0 132.0 71.0
30.0 132.0 69.0
28.0 132.0 36.0
26.0 132.0 36.0
24.0 132.0 34.0
22.0 132.0 41.0
20.0 132.0 35.0
18.0 132.0 39.0
16.0 132.0 41.0
14.0 132.0 36.0
12.0 132.0 39.0
10.0 132.0 40.0
8.0 132.0 41.0
6.0 132.0 42.0
4.0 132.0 44.0
2.0 132.0 42.0
0.0 132.0 40.0
0.0 138.0 44.0
2.0 138.0 37.0
4.0 138.0 44.0
6.0 138.0 39.0
8.0 138.0 40.0
10.0 138.0 41.0
12.0 138.0 38.0
14.0 138.0 40.0
16.0 138.0 35.0
18.0 138.0 38.0
20.0 138.0 38.0
22.0 138.0 46.0
24.0 138.0 36.0
26.0 138.0 37.0
28.0 138.0 30.0
30.0 138.0 30.0
32.0 138.0 32.0
34.0 138.0 34.0
36.0 138.0 35.0
38.0 138.0 61.0
40.0 138.0 66.0
42.0 138.0 63.0
44.0 138.0 66.0
46.0 138.0 67.0
48.0 138.0 65.0
50.0 138.0 65.0
52.0 138.0 63.0
54.0 138.0 62.0
56.0 138.0 65.0
58.0 138.0 68.0
60.0 138.0 63.0
60.0 144.0 44.0
58.0 144.0 54.0
56.0 144.0 49.0
54.0 144.0 56.0
52.0 144.0 55.0
50.0 144.0 51.0
48.0 144.0 50.0
46.0 144.0 50.0
44.0 144.0 50.0
42.0 144.0 44.0
40.0 144.0 55.0
38.0 144.0 53.0
36.0 144.0 51.0
34.0 144.0 48.0
32.0 144.0 40.0
30.0 144.0 39.0
28.0 144.0 34.0
26.0 144.0 24.0
24.0 144.0 30.0
22.0 144.0 31.0
20.0 144.0 35.0
18.0 144.0 25.0
16.0 144.0 31.0
14.0 144.0 34.0
12.0 144.0 26.0
10.0 144.0 25.0
8.0 144.0 37.0
6.0 144.0 35.0
4.0 144.0 27.0
2.0 144.0 38.0
0.0 144.0 37.0
0.0 150.0 41.0
2.0 150.0 39.0
4.0 150.0 38.0
6.0 150.0 34.0
8.0 150.0 34.0
10.0 150.0 30.0
12.0 150.0 25.0
14.0 150.0 31.0
16.0 150.0 34.0
18.0 150.0 22.0
20.0 150.0 31.0
22.0 150.0 31.0
24.0 150.0 16.0
26.0 150.0 27.0
28.0 150.0 31.0
30.0 150.0 39.0
32.0 150.0 24.0
34.0 150.0 35.0
36.0 150.0 20.0
38.0 150.0 51.0
40.0 150.0 46.0
42.0 150.0 56.0
44.0 150.0 54.0
46.0 150.0 57.0
48.0 150.0 53.0
50.0 150.0 54.0
52.0 150.0 56.0
54.0 150.0 55.0
56.0 150.0 58.0
58.0 150.0 49.0
60.0 150.0 58.0
60.0 156.0 46.0
58.0 156.0 51.0
56.0 156.0 44.0
54.0 156.0 39.0
52.0 156.0 44.0
50.0 156.0 50.0
48.0 156.0 49.0
46.0 156.0 46.0
44.0 156.0 41.0
42.0 156.0 35.0
40.0 156.0 56.0
38.0 156.0 55.0
36.0 156.0 39.0
34.0 156.0 48.0
32.0 156.0 39.0
30.0 156.0 43.0
28.0 156.0 31.0
26.0 156.0 21.0
24.0 156.0 31.0
22.0 156.0 31.0
20.0 156.0 31.0
18.0 156.0 25.0
16.0 156.0 30.0
14.0 156.0 21.0
12.0 156.0 37.0
10.0 156.0 31.0
8.0 156.0 34.0
6.0 156.0 31.0
4.0 156.0 19.0
2.0 156.0 31.0
0.0 156.0 37.0
0.0 162.0 41.0
2.0 162.0 43.0
4.0 162.0 41.0
6.0 162.0 42.0
8.0 162.0 27.0
10.0 162.0 26.0
12.0 162.0 31.0
14.0 162.0 31.0
16.0 162.0 24.0
18.0 162.0 22.0
20.0 162.0 19.0
22.0 162.0 31.0
24.0 162.0 34.0
26.0 162.0 31.0
28.0 162.0 0.0
30.0 162.0 36.0
32.0 162.0 27.0
34.0 162.0 39.0
36.0 162.0 0.0
38.0 162.0 44.0
40.0 162.0 48.0
42.0 162.0 49.0
44.0 162.0 0.0
46.0 162.0 53.0
48.0 162.0 60.0
50.0 162.0 53.0
52.0 162.0 0.0
54.0 162.0 50.0
56.0 162.0 49.0
58.0 162.0 60.0
60.0 162.0 50.0
60.0 168.0 0.0
58.0 168.0 0.0
56.0 168.0 0.0
54.0 168.0 0.0
52.0 168.0 41.0
50.0 168.0 40.0
48.0 168.0 41.0
46.0 168.0 41.0
44.0 168.0 0.0
42.0 168.0 0.0
40.0 168.0 0.0
38.0 168.0 42.0
36.0 168.0 46.0
34.0 168.0 44.0
32.0 168.0 42.0
30.0 168.0 36.0
28.0 168.0 38.0
26.0 168.0 22.0
24.0 168.0 16.0
22.0 168.0 0.0
20.0 168.0 22.0
18.0 168.0 17.0
16.0 168.0 26.0
14.0 168.0 16.0
12.0 168.0 0.0
10.0 168.0 0.0
8.0 168.0 16.0
6.0 168.0 21.0
4.0 168.0 30.0
2.0 168.0 15.0
0.0 168.0 0.0
0.0 174.0 0.0
2.0 174.0 0.0
4.0 174.0 0.0
6.0 174.0 24.0
8.0 174.0 30.0
10.0 174.0 22.0
12.0 174.0 24.0
14.0 174.0 30.0
16.0 174.0 32.0
18.0 174.0 30.0
20.0 174.0 24.0
22.0 174.0 0.0
24.0 174.0 32.0
26.0 174.0 10.0
28.0 174.0 14.0
30.0 174.0 11.0
32.0 174.0 22.0
34.0 174.0 16.0
36.0 174.0 26.0
38.0 174.0 27.0
40.0 174.0 38.0
42.0 174.0 35.0
44.0 174.0 43.0
46.0 174.0 41.0
48.0 174.0 35.0
50.0 174.0 0.0
52.0 174.0 0.0
54.0 174.0 0.0
56.0 174.0 0.0
58.0 174.0 27.0
60.0 174.0 30.0
60.0 180.0 41.0
58.0 180.0 0.0
56.0 180.0 0.0
54.0 180.0 0.0
52.0 180.0 35.0
50.0 180.0 25.0
48.0 180.0 38.0
46.0 180.0 34.0
44.0 180.0 0.0
42.0 180.0 45.0
40.0 180.0 48.0
38.0 180.0 37.0
36.0 180.0 52.0
34.0 180.0 35.0
32.0 180.0 30.0
30.0 180.0 30.0
28.0 180.0 25.0
26.0 180.0 16.0
24.0 180.0 20.0
22.0 180.0 19.0
20.0 180.0 24.0
18.0 180.0 30.0
16.0 180.0 14.0
14.0 180.0 26.0
12.0 180.0 21.0
10.0 180.0 24.0
8.0 180.0 0.0
6.0 180.0 32.0
4.0 180.0 32.0
2.0 180.0 21.0
0.0 180.0 22.0
0.0 186.0 27.0
2.0 186.0 25.0
4.0 186.0 35.0
6.0 186.0 0.0
8.0 186.0 0.0
10.0 186.0 19.0
12.0 186.0 30.0
14.0 186.0 20.0
16.0 186.0 0.0
18.0 186.0 0.0
20.0 186.0 10.0
22.0 186.0 19.0
24.0 186.0 11.0
26.0 186.0 32.0
28.0 186.0 0.0
30.0 186.0 17.0
32.0 186.0 25.0
34.0 186.0 22.0
36.0 186.0 0.0
38.0 186.0 37.0
40.0 186.0 27.0
42.0 186.0 36.0
44.0 186.0 40.0
46.0 186.0 32.0
48.0 186.0 41.0
50.0 186.0 42.0
52.0 186.0 37.0
54.0 186.0 34.0
56.0 186.0 38.0
58.0 186.0 32.0
60.0 186.0 40.0
