60.0 120.0 0.0
58.0 120.0 80.0
56.0 120.0 77.0
54.0 120.0 77.0
52.0 120.0 75.0
50.0 120.0 89.0
48.0 120.0 0.0
46.0 120.0 74.0
44.0 120.0 80.0
42.0 120.0 75.0
40.0 120.0 77.0
38.0 120.0 77.0
36.0 120.0 75.0
34.0 120.0 75.0
32.0 120.0 75.0
30.0 120.0 75.0
28.0 120.0 75.0
26.0 120.0 68.0
24.0 120.0 41.0
22.0 120.0 59.0
20.0 120.0 55.0
18.0 120.0 53.0
16.0 120.0 55.0
14.0 120.0 56.0
12.0 120.0 51.0
10.0 120.0 53.0
8.0 120.0 58.0
6.0 120.0 66.0
4.0 120.0 58.0
2.0 120.0 53.0
0.0 120.0 44.0
0.0 126.0 52.0
2.0 126.0 52.0
4.0 126.0 51.0
6.0 126.0 46.0
8.0 126.0 49.0
10.0 126.0 56.0
12.0 126.0 51.0
14.0 126.0 55.0
16.0 126.0 56.0
18.0 126.0 56.0
20.0 126.0 54.0
22.0 126.0 54.0
24.0 126.0 51.0
26.0 126.0 51.0
28.0 126.0 50.0
30.0 126.0 50.0
32.0 126.0 41.0
34.0 126.0 77.0
36.0 126.0 77.0
38.0 126.0 79.0
40.0 126.0 77.0
42.0 126.0 77.0
44.0 126.0 76.0
46.0 126.0 78.0
48.0 126.0 75.0
50.0 126.0 76.0
52.0 126.0 70.0
54.0 126.0 76.0
56.0 126.0 0.0
58.0 126.0 71.0
60.0 126.0 76.0
60.0 132.0 0.0
58.0 132.0 0.0
56.0 132.0 0.0
54.0 132.0 0.0
52.0 132.0 0.0
50.0 132.0 0.0
48.0 132.0 0.0
46.0 132.0 78.0
44.0 132.0 80.0
42.0 132.0 74.0
40.0 132.0 74.0
38.0 132.0 74.0
36.0 132.0 74.0
34.0 132.0 74.0
32.0 132.0 76.0
30.0 132.0 76.0
28.0 132.0 76.0
26.0 132.0 36.0
24.0 132.0 42.0
22.0 132.0 41.0
20.0 132.0 40.0
18.0 132.0 0.0
16.0 132.0 0.0
14.0 132.0 54.0
12.0 132.0 44.0
10.0 132.0 50.0
8.0 132.0 41.0
6.0 132.0 48.0
4.0 132.0 42.0
2.0 132.0 49.0
0.0 132.0 51.0
0.0 138.0 51.0
2.0 138.0 52.0
4.0 138.0 48.0
6.0 138.0 49.0
8.0 138.0 46.0
10.0 138.0 48.0
12.0 138.0 48.0
14.0 138.0 43.0
16.0 138.0 45.0
18.0 138.0 48.0
20.0 138.0 43.0
22.0 138.0 43.0
24.0 138.0 43.0
26.0 138.0 43.0
28.0 138.0 42.0
30.0 138.0 38.0
32.0 138.0 42.0
34.0 138.0 49.0
36.0 138.0 56.0
38.0 138.0 62.0
40.0 138.0 70.0
42.0 138.0 72.0
44.0 138.0 71.0
46.0 138.0 72.0
48.0 138.0 71.0
50.0 138.0 73.0
52.0 138.0 0.0
54.0 138.0 0.0
56.0 138.0 0.0
58.0 138.0 0.0
60.0 138.0 0.0
60.0 144.0 0.0
58.0 144.0 0.0
56.0 144.0 0.0
54.0 144.0 0.0
52.0 144.0 0.0
50.0 144.0 0.0
48.0 144.0 0.0
46.0 144.0 55.0
44.0 144.0 58.0
42.0 144.0 58.0
40.0 144.0 63.0
38.0 144.0 59.0
36.0 144.0 62.0
34.0 144.0 59.0
32.0 144.0 59.0
30.0 144.0 52.0
28.0 144.0 39.0
26.0 144.0 35.0
24.0 144.0 37.0
22.0 144.0 42.0
20.0 144.0 37.0
18.0 144.0 35.0
16.0 144.0 40.0
14.0 144.0 36.0
12.0 144.0 39.0
10.0 144.0 39.0
8.0 144.0 45.0
6.0 144.0 43.0
4.0 144.0 41.0
2.0 144.0 41.0
0.0 144.0 50.0
0.0 150.0 39.0
2.0 150.0 44.0
4.0 150.0 42.0
6.0 150.0 41.0
8.0 150.0 37.0
10.0 150.0 41.0
12.0 150.0 39.0
14.0 150.0 40.0
16.0 150.0 37.0
18.0 150.0 42.0
20.0 150.0 36.0
22.0 150.0 37.0
24.0 150.0 32.0
26.0 150.0 37.0
28.0 150.0 39.0
30.0 150.0 34.0
32.0 150.0 36.0
34.0 150.0 37.0
36.0 150.0 46.0
38.0 150.0 49.0
40.0 150.0 59.0
42.0 150.0 52.0
44.0 150.0 60.0
46.0 150.0 55.0
48.0 150.0 61.0
50.0 150.0 56.0
52.0 150.0 56.0
54.0 150.0 0.0
56.0 150.0 0.0
58.0 150.0 0.0
60.0 150.0 0.0
60.0 156.0 25.0
58.0 156.0 27.0
56.0 156.0 26.0
54.0 156.0 0.0
52.0 156.0 0.0
50.0 156.0 0.0
48.0 156.0 0.0
46.0 156.0 0.0
44.0 156.0 45.0
42.0 156.0 46.0
40.0 156.0 46.0
38.0 156.0 56.0
36.0 156.0 65.0
34.0 156.0 56.0
32.0 156.0 46.0
30.0 156.0 50.0
28.0 156.0 44.0
26.0 156.0 37.0
24.0 156.0 39.0
22.0 156.0 34.0
20.0 156.0 40.0
18.0 156.0 30.0
16.0 156.0 36.0
14.0 156.0 36.0
12.0 156.0 48.0
10.0 156.0 31.0
8.0 156.0 36.0
6.0 156.0 39.0
4.0 156.0 36.0
2.0 156.0 35.0
0.0 156.0 41.0
0.0 162.0 44.0
2.0 162.0 50.0
4.0 162.0 44.0
6.0 162.0 44.0
8.0 162.0 0.0
10.0 162.0 35.0
12.0 162.0 38.0
14.0 162.0 26.0
16.0 162.0 31.0
18.0 162.0 38.0
20.0 162.0 35.0
22.0 162.0 34.0
24.0 162.0 30.0
26.0 162.0 39.0
28.0 162.0 31.0
30.0 162.0 45.0
32.0 162.0 0.0
34.0 162.0 39.0
36.0 162.0 45.0
38.0 162.0 24.0
40.0 162.0 31.0
42.0 162.0 35.0
44.0 162.0 27.0
46.0 162.0 34.0
48.0 162.0 38.0
50.0 162.0 22.0
52.0 162.0 31.0
54.0 162.0 36.0
56.0 162.0 38.0
58.0 162.0 42.0
60.0 162.0 26.0
60.0 168.0 0.0
58.0 168.0 0.0
56.0 168.0 0.0
54.0 168.0 0.0
52.0 168.0 0.0
50.0 168.0 0.0
48.0 168.0 0.0
46.0 168.0 44.0
44.0 168.0 55.0
42.0 168.0 46.0
40.0 168.0 54.0
38.0 168.0 55.0
36.0 168.0 0.0
34.0 168.0 0.0
32.0 168.0 54.0
30.0 168.0 35.0
28.0 168.0 42.0
26.0 168.0 34.0
24.0 168.0 0.0
22.0 168.0 27.0
20.0 168.0 43.0
18.0 168.0 27.0
16.0 168.0 25.0
14.0 168.0 0.0
12.0 168.0 0.0
10.0 168.0 0.0
8.0 168.0 0.0
6.0 168.0 0.0
4.0 168.0 0.0
2.0 168.0 0.0
0.0 168.0 0.0
0.0 174.0 0.0
2.0 174.0 32.0
4.0 174.0 38.0
6.0 174.0 40.0
8.0 174.0 0.0
10.0 174.0 31.0
12.0 174.0 24.0
14.0 174.0 35.0
16.0 174.0 25.0
18.0 174.0 0.0
20.0 174.0 24.0
22.0 174.0 24.0
24.0 174.0 24.0
26.0 174.0 0.0
28.0 174.0 0.0
30.0 174.0 0.0
32.0 174.0 0.0
34.0 174.0 41.0
36.0 174.0 26.0
38.0 174.0 38.0
40.0 174.0 32.0
42.0 174.0 37.0
44.0 174.0 0.0
46.0 174.0 0.0
48.0 174.0 0.0
50.0 174.0 0.0
52.0 174.0 27.0
54.0 174.0 42.0
56.0 174.0 14.0
58.0 174.0 19.0
60.0 174.0 0.0
60.0 180.0 20.0
58.0 180.0 17.0
56.0 180.0 0.0
54.0 180.0 0.0
52.0 180.0 24.0
50.0 180.0 21.0
48.0 180.0 19.0
46.0 180.0 38.0
44.0 180.0 144.0
42.0 180.0 45.0
40.0 180.0 46.0
38.0 180.0 34.0
36.0 180.0 44.0
34.0 180.0 0.0
32.0 180.0 38.0
30.0 180.0 34.0
28.0 180.0 25.0
26.0 180.0 27.0
24.0 180.0 30.0
22.0 180.0 27.0
20.0 180.0 20.0
18.0 180.0 35.0
16.0 180.0 0.0
14.0 180.0 20.0
12.0 180.0 26.0
10.0 180.0 31.0
8.0 180.0 20.0
6.0 180.0 0.0
4.0 180.0 24.0
2.0 180.0 35.0
0.0 180.0 24.0
0.0 186.0 0.0
2.0 186.0 0.0
4.0 186.0 0.0
6.0 186.0 0.0
8.0 186.0 27.0
10.0 186.0 26.0
12.0 186.0 26.0
14.0 186.0 0.0
16.0 186.0 25.0
18.0 186.0 25.0
20.0 186.0 22.0
22.0 186.0 14.0
24.0 186.0 22.0
26.0 186.0 31.0
28.0 186.0 26.0
30.0 186.0 31.0
32.0 186.0 0.0
34.0 186.0 21.0
36.0 186.0 35.0
38.0 186.0 32.0
40.0 186.0 39.0
42.0 186.0 0.0
44.0 186.0 41.0
46.0 186.0 50.0
48.0 186.0 44.0
50.0 186.0 40.0
52.0 186.0 48.0
54.0 186.0 27.0
56.0 186.0 27.0
58.0 186.0 10.0
60.0 186.0 0.0
