20.0 -20.0 0.0
19.0 -20.0 0.0
18.0 -20.0 25.0
17.0 -20.0 21.0
16.0 -20.0 20.0
15.0 -20.0 20.0
14.0 -20.0 22.0
13.0 -20.0 70.0
12.0 -20.0 70.0
11.0 -20.0 69.0
10.0 -20.0 82.0
9.0 -20.0 88.0
8.0 -20.0 82.0
7.0 -20.0 78.0
6.0 -20.0 76.0
5.0 -20.0 78.0
4.0 -20.0 87.0
3.0 -20.0 78.0
2.0 -20.0 78.0
1.0 -20.0 77.0
0.0 -20.0 78.0
-1.0 -20.0 82.0
-2.0 -20.0 80.0
-3.0 -20.0 77.0
-4.0 -20.0 78.0
-5.0 -20.0 82.0
-6.0 -20.0 80.0
-7.0 -20.0 78.0
-8.0 -20.0 78.0
-9.0 -20.0 80.0
-10.0 -20.0 80.0
-11.0 -20.0 91.0
-12.0 -20.0 77.0
-13.0 -20.0 75.0
-14.0 -20.0 75.0
-15.0 -20.0 84.0
-16.0 -20.0 77.0
-17.0 -20.0 77.0
-18.0 -20.0 76.0
-19.0 -20.0 77.0
-20.0 -20.0 78.0
-20.0 -19.0 83.0
-19.0 -19.0 84.0
-18.0 -19.0 87.0
-17.0 -19.0 90.0
-16.0 -19.0 88.0
-15.0 -19.0 92.0
-14.0 -19.0 94.0
-13.0 -19.0 95.0
-12.0 -19.0 89.0
-11.0 -19.0 89.0
-10.0 -19.0 88.0
-9.0 -19.0 87.0
-8.0 -19.0 80.0
-7.0 -19.0 78.0
-6.0 -19.0 75.0
-5.0 -19.0 76.0
-4.0 -19.0 77.0
-3.0 -19.0 75.0
-2.0 -19.0 75.0
-1.0 -19.0 74.0
0.0 -19.0 77.0
1.0 -19.0 75.0
2.0 -19.0 73.0
3.0 -19.0 72.0
4.0 -19.0 75.0
5.0 -19.0 74.0
6.0 -19.0 75.0
7.0 -19.0 73.0
8.0 -19.0 75.0
9.0 -19.0 112.0
10.0 -19.0 115.0
11.0 -19.0 114.0
12.0 -19.0 119.0
13.0 -19.0 124.0
14.0 -19.0 120.0
15.0 -19.0 117.0
16.0 -19.0 117.0
17.0 -19.0 89.0
18.0 -19.0 82.0
19.0 -19.0 110.0
20.0 -19.0 112.0
20.0 -18.0 114.0
19.0 -18.0 114.0
18.0 -18.0 109.0
17.0 -18.0 107.0
16.0 -18.0 101.0
15.0 -18.0 104.0
14.0 -18.0 101.0
13.0 -18.0 100.0
12.0 -18.0 103.0
11.0 -18.0 112.0
10.0 -18.0 115.0
9.0 -18.0 114.0
8.0 -18.0 103.0
7.0 -18.0 85.0
6.0 -18.0 85.0
5.0 -18.0 91.0
4.0 -18.0 119.0
3.0 -18.0 121.0
2.0 -18.0 114.0
1.0 -18.0 115.0
0.0 -18.0 112.0
-1.0 -18.0 112.0
-2.0 -18.0 110.0
-3.0 -18.0 96.0
-4.0 -18.0 73.0
-5.0 -18.0 72.0
-6.0 -18.0 72.0
-7.0 -18.0 72.0
-8.0 -18.0 77.0
-9.0 -18.0 70.0
-10.0 -18.0 73.0
-11.0 -18.0 72.0
-12.0 -18.0 73.0
-13.0 -18.0 73.0
-14.0 -18.0 73.0
-15.0 -18.0 74.0
-16.0 -18.0 74.0
-17.0 -18.0 73.0
-18.0 -18.0 74.0
-19.0 -18.0 73.0
-20.0 -18.0 74.0
-20.0 -17.0 76.0
-19.0 -17.0 75.0
-18.0 -17.0 77.0
-17.0 -17.0 76.0
-16.0 -17.0 77.0
-15.0 -17.0 77.0
-14.0 -17.0 77.0
-13.0 -17.0 79.0
-12.0 -17.0 75.0
-11.0 -17.0 75.0
-10.0 -17.0 75.0
-9.0 -17.0 74.0
-8.0 -17.0 73.0
-7.0 -17.0 71.0
-6.0 -17.0 73.0
-5.0 -17.0 72.0
-4.0 -17.0 82.0
-3.0 -17.0 72.0
-2.0 -17.0 71.0
-1.0 -17.0 72.0
0.0 -17.0 71.0
1.0 -17.0 70.0
2.0 -17.0 72.0
3.0 -17.0 70.0
4.0 -17.0 71.0
5.0 -17.0 71.0
6.0 -17.0 72.0
7.0 -17.0 77.0
8.0 -17.0 77.0
9.0 -17.0 110.0
10.0 -17.0 112.0
11.0 -17.0 122.0
12.0 -17.0 114.0
13.0 -17.0 114.0
14.0 -17.0 115.0
15.0 -17.0 122.0
16.0 -17.0 97.0
17.0 -17.0 85.0
18.0 -17.0 83.0
19.0 -17.0 112.0
20.0 -17.0 109.0
20.0 -16.0 112.0
19.0 -16.0 113.0
18.0 -16.0 102.0
17.0 -16.0 101.0
16.0 -16.0 101.0
15.0 -16.0 102.0
14.0 -16.0 100.0
13.0 -16.0 105.0
12.0 -16.0 102.0
11.0 -16.0 103.0
10.0 -16.0 112.0
9.0 -16.0 110.0
8.0 -16.0 104.0
7.0 -16.0 78.0
6.0 -16.0 85.0
5.0 -16.0 93.0
4.0 -16.0 110.0
3.0 -16.0 115.0
2.0 -16.0 123.0
1.0 -16.0 115.0
0.0 -16.0 110.0
-1.0 -16.0 108.0
-2.0 -16.0 73.0
-3.0 -16.0 70.0
-4.0 -16.0 69.0
-5.0 -16.0 70.0
-6.0 -16.0 70.0
-7.0 -16.0 70.0
-8.0 -16.0 69.0
-9.0 -16.0 69.0
-10.0 -16.0 70.0
-11.0 -16.0 69.0
-12.0 -16.0 73.0
-13.0 -16.0 78.0
-14.0 -16.0 71.0
-15.0 -16.0 70.0
-16.0 -16.0 71.0
-17.0 -16.0 71.0
-18.0 -16.0 71.0
-19.0 -16.0 73.0
-20.0 -16.0 75.0
-20.0 -15.0 72.0
-19.0 -15.0 70.0
-18.0 -15.0 72.0
-17.0 -15.0 75.0
-16.0 -15.0 74.0
-15.0 -15.0 75.0
-14.0 -15.0 71.0
-13.0 -15.0 70.0
-12.0 -15.0 70.0
-11.0 -15.0 73.0
-10.0 -15.0 72.0
-9.0 -15.0 72.0
-8.0 -15.0 69.0
-7.0 -15.0 70.0
-6.0 -15.0 70.0
-5.0 -15.0 70.0
-4.0 -15.0 78.0
-3.0 -15.0 71.0
-2.0 -15.0 69.0
-1.0 -15.0 70.0
0.0 -15.0 71.0
1.0 -15.0 68.0
2.0 -15.0 69.0
3.0 -15.0 69.0
4.0 -15.0 70.0
5.0 -15.0 67.0
6.0 -15.0 67.0
7.0 -15.0 67.0
8.0 -15.0 70.0
9.0 -15.0 103.0
10.0 -15.0 108.0
11.0 -15.0 110.0
12.0 -15.0 109.0
13.0 -15.0 113.0
14.0 -15.0 112.0
15.0 -15.0 121.0
16.0 -15.0 115.0
17.0 -15.0 85.0
18.0 -15.0 80.0
19.0 -15.0 109.0
20.0 -15.0 113.0
20.0 -14.0 113.0
19.0 -14.0 108.0
18.0 -14.0 102.0
17.0 -14.0 103.0
16.0 -14.0 99.0
15.0 -14.0 101.0
14.0 -14.0 99.0
13.0 -14.0 104.0
12.0 -14.0 101.0
11.0 -14.0 101.0
10.0 -14.0 109.0
9.0 -14.0 112.0
8.0 -14.0 110.0
7.0 -14.0 91.0
6.0 -14.0 80.0
5.0 -14.0 108.0
4.0 -14.0 115.0
3.0 -14.0 115.0
2.0 -14.0 120.0
1.0 -14.0 110.0
0.0 -14.0 110.0
-1.0 -14.0 107.0
-2.0 -14.0 79.0
-3.0 -14.0 69.0
-4.0 -14.0 69.0
-5.0 -14.0 69.0
-6.0 -14.0 70.0
-7.0 -14.0 69.0
-8.0 -14.0 68.0
-9.0 -14.0 67.0
-10.0 -14.0 68.0
-11.0 -14.0 70.0
-12.0 -14.0 70.0
-13.0 -14.0 77.0
-14.0 -14.0 71.0
-15.0 -14.0 70.0
-16.0 -14.0 69.0
-17.0 -14.0 68.0
-18.0 -14.0 69.0
-19.0 -14.0 70.0
-20.0 -14.0 70.0
-20.0 -13.0 71.0
-19.0 -13.0 70.0
-18.0 -13.0 71.0
-17.0 -13.0 70.0
-16.0 -13.0 70.0
-15.0 -13.0 72.0
-14.0 -13.0 69.0
-13.0 -13.0 70.0
-12.0 -13.0 71.0
-11.0 -13.0 70.0
-10.0 -13.0 70.0
-9.0 -13.0 70.0
-8.0 -13.0 69.0
-7.0 -13.0 68.0
-6.0 -13.0 68.0
-5.0 -13.0 69.0
-4.0 -13.0 70.0
-3.0 -13.0 69.0
-2.0 -13.0 70.0
-1.0 -13.0 69.0
0.0 -13.0 70.0
1.0 -13.0 67.0
2.0 -13.0 67.0
3.0 -13.0 67.0
4.0 -13.0 73.0
5.0 -13.0 67.0
6.0 -13.0 68.0
7.0 -13.0 66.0
8.0 -13.0 72.0
9.0 -13.0 104.0
10.0 -13.0 108.0
11.0 -13.0 109.0
12.0 -13.0 113.0
13.0 -13.0 113.0
14.0 -13.0 114.0
15.0 -13.0 114.0
16.0 -13.0 113.0
17.0 -13.0 92.0
18.0 -13.0 80.0
19.0 -13.0 93.0
20.0 -13.0 110.0
20.0 -12.0 104.0
19.0 -12.0 100.0
18.0 -12.0 97.0
17.0 -12.0 99.0
16.0 -12.0 101.0
15.0 -12.0 99.0
14.0 -12.0 100.0
13.0 -12.0 99.0
12.0 -12.0 99.0
11.0 -12.0 102.0
10.0 -12.0 102.0
9.0 -12.0 117.0
8.0 -12.0 109.0
7.0 -12.0 74.0
6.0 -12.0 88.0
5.0 -12.0 110.0
4.0 -12.0 113.0
3.0 -12.0 114.0
2.0 -12.0 112.0
1.0 -12.0 113.0
0.0 -12.0 109.0
-1.0 -12.0 107.0
-2.0 -12.0 99.0
-3.0 -12.0 69.0
-4.0 -12.0 67.0
-5.0 -12.0 68.0
-6.0 -12.0 74.0
-7.0 -12.0 67.0
-8.0 -12.0 67.0
-9.0 -12.0 65.0
-10.0 -12.0 72.0
-11.0 -12.0 66.0
-12.0 -12.0 68.0
-13.0 -12.0 67.0
-14.0 -12.0 68.0
-15.0 -12.0 69.0
-16.0 -12.0 67.0
-17.0 -12.0 68.0
-18.0 -12.0 74.0
-19.0 -12.0 68.0
-20.0 -12.0 68.0
-20.0 -11.0 67.0
-19.0 -11.0 69.0
-18.0 -11.0 69.0
-17.0 -11.0 67.0
-16.0 -11.0 65.0
-15.0 -11.0 66.0
-14.0 -11.0 70.0
-13.0 -11.0 67.0
-12.0 -11.0 68.0
-11.0 -11.0 69.0
-10.0 -11.0 70.0
-9.0 -11.0 69.0
-8.0 -11.0 71.0
-7.0 -11.0 69.0
-6.0 -11.0 67.0
-5.0 -11.0 69.0
-4.0 -11.0 67.0
-3.0 -11.0 67.0
-2.0 -11.0 67.0
-1.0 -11.0 68.0
0.0 -11.0 67.0
1.0 -11.0 72.0
2.0 -11.0 65.0
3.0 -11.0 56.0
4.0 -11.0 61.0
5.0 -11.0 66.0
6.0 -11.0 66.0
7.0 -11.0 66.0
8.0 -11.0 73.0
9.0 -11.0 67.0
10.0 -11.0 104.0
11.0 -11.0 107.0
12.0 -11.0 110.0
13.0 -11.0 109.0
14.0 -11.0 112.0
15.0 -11.0 113.0
16.0 -11.0 95.0
17.0 -11.0 88.0
18.0 -11.0 80.0
19.0 -11.0 83.0
20.0 -11.0 108.0
20.0 -10.0 112.0
19.0 -10.0 97.0
18.0 -10.0 97.0
17.0 -10.0 96.0
16.0 -10.0 99.0
15.0 -10.0 97.0
14.0 -10.0 96.0
13.0 -10.0 99.0
12.0 -10.0 105.0
11.0 -10.0 97.0
10.0 -10.0 105.0
9.0 -10.0 110.0
8.0 -10.0 96.0
7.0 -10.0 87.0
6.0 -10.0 103.0
5.0 -10.0 113.0
4.0 -10.0 110.0
3.0 -10.0 112.0
2.0 -10.0 112.0
1.0 -10.0 110.0
0.0 -10.0 109.0
-1.0 -10.0 107.0
-2.0 -10.0 103.0
-3.0 -10.0 75.0
-4.0 -10.0 68.0
-5.0 -10.0 68.0
-6.0 -10.0 67.0
-7.0 -10.0 63.0
-8.0 -10.0 63.0
-9.0 -10.0 59.0
-10.0 -10.0 61.0
-11.0 -10.0 68.0
-12.0 -10.0 67.0
-13.0 -10.0 66.0
-14.0 -10.0 63.0
-15.0 -10.0 67.0
-16.0 -10.0 67.0
-17.0 -10.0 66.0
-18.0 -10.0 66.0
-19.0 -10.0 63.0
-20.0 -10.0 66.0
-20.0 -9.0 65.0
-19.0 -9.0 66.0
-18.0 -9.0 67.0
-17.0 -9.0 66.0
-16.0 -9.0 65.0
-15.0 -9.0 67.0
-14.0 -9.0 72.0
-13.0 -9.0 67.0
-12.0 -9.0 66.0
-11.0 -9.0 66.0
-10.0 -9.0 66.0
-9.0 -9.0 65.0
-8.0 -9.0 63.0
-7.0 -9.0 62.0
-6.0 -9.0 63.0
-5.0 -9.0 65.0
-4.0 -9.0 65.0
-3.0 -9.0 63.0
-2.0 -9.0 65.0
-1.0 -9.0 61.0
0.0 -9.0 62.0
1.0 -9.0 65.0
2.0 -9.0 63.0
3.0 -9.0 58.0
4.0 -9.0 58.0
5.0 -9.0 60.0
6.0 -9.0 66.0
7.0 -9.0 65.0
8.0 -9.0 101.0
9.0 -9.0 104.0
10.0 -9.0 104.0
11.0 -9.0 105.0
12.0 -9.0 104.0
13.0 -9.0 107.0
14.0 -9.0 109.0
15.0 -9.0 112.0
16.0 -9.0 110.0
17.0 -9.0 89.0
18.0 -9.0 78.0
19.0 -9.0 84.0
20.0 -9.0 109.0
20.0 -8.0 115.0
19.0 -8.0 101.0
18.0 -8.0 97.0
17.0 -8.0 97.0
16.0 -8.0 96.0
15.0 -8.0 97.0
14.0 -8.0 99.0
13.0 -8.0 97.0
12.0 -8.0 97.0
11.0 -8.0 95.0
10.0 -8.0 99.0
9.0 -8.0 108.0
8.0 -8.0 80.0
7.0 -8.0 86.0
6.0 -8.0 104.0
5.0 -8.0 112.0
4.0 -8.0 112.0
3.0 -8.0 110.0
2.0 -8.0 109.0
1.0 -8.0 121.0
0.0 -8.0 105.0
-1.0 -8.0 103.0
-2.0 -8.0 94.0
-3.0 -8.0 63.0
-4.0 -8.0 66.0
-5.0 -8.0 66.0
-6.0 -8.0 66.0
-7.0 -8.0 65.0
-8.0 -8.0 66.0
-9.0 -8.0 52.0
-10.0 -8.0 70.0
-11.0 -8.0 63.0
-12.0 -8.0 65.0
-13.0 -8.0 66.0
-14.0 -8.0 76.0
-15.0 -8.0 65.0
-16.0 -8.0 63.0
-17.0 -8.0 66.0
-18.0 -8.0 63.0
-19.0 -8.0 63.0
-20.0 -8.0 65.0
-20.0 -7.0 65.0
-19.0 -7.0 66.0
-18.0 -7.0 74.0
-17.0 -7.0 63.0
-16.0 -7.0 63.0
-15.0 -7.0 65.0
-14.0 -7.0 62.0
-13.0 -7.0 63.0
-12.0 -7.0 65.0
-11.0 -7.0 65.0
-10.0 -7.0 65.0
-9.0 -7.0 66.0
-8.0 -7.0 61.0
-7.0 -7.0 62.0
-6.0 -7.0 60.0
-5.0 -7.0 53.0
-4.0 -7.0 53.0
-3.0 -7.0 59.0
-2.0 -7.0 55.0
-1.0 -7.0 61.0
0.0 -7.0 63.0
1.0 -7.0 62.0
2.0 -7.0 50.0
3.0 -7.0 62.0
4.0 -7.0 71.0
5.0 -7.0 62.0
6.0 -7.0 63.0
7.0 -7.0 63.0
8.0 -7.0 66.0
9.0 -7.0 101.0
10.0 -7.0 104.0
11.0 -7.0 108.0
12.0 -7.0 109.0
13.0 -7.0 107.0
14.0 -7.0 108.0
15.0 -7.0 109.0
16.0 -7.0 109.0
17.0 -7.0 109.0
18.0 -7.0 90.0
19.0 -7.0 79.0
20.0 -7.0 75.0
20.0 -6.0 104.0
19.0 -6.0 96.0
18.0 -6.0 92.0
17.0 -6.0 95.0
16.0 -6.0 94.0
15.0 -6.0 99.0
14.0 -6.0 93.0
13.0 -6.0 100.0
12.0 -6.0 94.0
11.0 -6.0 96.0
10.0 -6.0 94.0
9.0 -6.0 110.0
8.0 -6.0 82.0
7.0 -6.0 90.0
6.0 -6.0 109.0
5.0 -6.0 109.0
4.0 -6.0 108.0
3.0 -6.0 109.0
2.0 -6.0 113.0
1.0 -6.0 108.0
0.0 -6.0 107.0
-1.0 -6.0 104.0
-2.0 -6.0 109.0
-3.0 -6.0 82.0
-4.0 -6.0 63.0
-5.0 -6.0 63.0
-6.0 -6.0 63.0
-7.0 -6.0 62.0
-8.0 -6.0 63.0
-9.0 -6.0 57.0
-10.0 -6.0 55.0
-11.0 -6.0 60.0
-12.0 -6.0 63.0
-13.0 -6.0 63.0
-14.0 -6.0 63.0
-15.0 -6.0 67.0
-16.0 -6.0 61.0
-17.0 -6.0 70.0
-18.0 -6.0 63.0
-19.0 -6.0 61.0
-20.0 -6.0 66.0
-20.0 -5.0 63.0
-19.0 -5.0 65.0
-18.0 -5.0 65.0
-17.0 -5.0 63.0
-16.0 -5.0 61.0
-15.0 -5.0 60.0
-14.0 -5.0 61.0
-13.0 -5.0 63.0
-12.0 -5.0 61.0
-11.0 -5.0 68.0
-10.0 -5.0 62.0
-9.0 -5.0 61.0
-8.0 -5.0 61.0
-7.0 -5.0 61.0
-6.0 -5.0 60.0
-5.0 -5.0 59.0
-4.0 -5.0 61.0
-3.0 -5.0 61.0
-2.0 -5.0 61.0
-1.0 -5.0 61.0
0.0 -5.0 59.0
1.0 -5.0 59.0
2.0 -5.0 60.0
3.0 -5.0 59.0
4.0 -5.0 65.0
5.0 -5.0 60.0
6.0 -5.0 60.0
7.0 -5.0 53.0
8.0 -5.0 94.0
9.0 -5.0 96.0
10.0 -5.0 104.0
11.0 -5.0 103.0
12.0 -5.0 107.0
13.0 -5.0 105.0
14.0 -5.0 107.0
15.0 -5.0 108.0
16.0 -5.0 108.0
17.0 -5.0 109.0
18.0 -5.0 99.0
19.0 -5.0 83.0
20.0 -5.0 78.0
20.0 -4.0 94.0
19.0 -4.0 92.0
18.0 -4.0 95.0
17.0 -4.0 94.0
16.0 -4.0 95.0
15.0 -4.0 94.0
14.0 -4.0 92.0
13.0 -4.0 93.0
12.0 -4.0 93.0
11.0 -4.0 91.0
10.0 -4.0 89.0
9.0 -4.0 70.0
8.0 -4.0 84.0
7.0 -4.0 104.0
6.0 -4.0 102.0
5.0 -4.0 96.0
4.0 -4.0 107.0
3.0 -4.0 102.0
2.0 -4.0 104.0
1.0 -4.0 109.0
0.0 -4.0 107.0
-1.0 -4.0 70.0
-2.0 -4.0 51.0
-3.0 -4.0 22.0
-4.0 -4.0 19.0
-5.0 -4.0 38.0
-6.0 -4.0 40.0
-7.0 -4.0 53.0
-8.0 -4.0 48.0
-9.0 -4.0 45.0
-10.0 -4.0 39.0
-11.0 -4.0 48.0
-12.0 -4.0 51.0
-13.0 -4.0 51.0
-14.0 -4.0 51.0
-15.0 -4.0 56.0
-16.0 -4.0 55.0
-17.0 -4.0 53.0
-18.0 -4.0 51.0
-19.0 -4.0 54.0
-20.0 -4.0 55.0
-20.0 -3.0 48.0
-19.0 -3.0 48.0
-18.0 -3.0 51.0
-17.0 -3.0 48.0
-16.0 -3.0 38.0
-15.0 -3.0 36.0
-14.0 -3.0 39.0
-13.0 -3.0 44.0
-12.0 -3.0 31.0
-11.0 -3.0 25.0
-10.0 -3.0 31.0
-9.0 -3.0 45.0
-8.0 -3.0 38.0
-7.0 -3.0 39.0
-6.0 -3.0 40.0
-5.0 -3.0 22.0
-4.0 -3.0 24.0
-3.0 -3.0 34.0
-2.0 -3.0 34.0
-1.0 -3.0 17.0
0.0 -3.0 31.0
1.0 -3.0 27.0
2.0 -3.0 49.0
3.0 -3.0 19.0
4.0 -3.0 10.0
5.0 -3.0 10.0
6.0 -3.0 19.0
7.0 -3.0 17.0
8.0 -3.0 11.0
9.0 -3.0 10.0
10.0 -3.0 34.0
11.0 -3.0 79.0
12.0 -3.0 89.0
13.0 -3.0 87.0
14.0 -3.0 74.0
15.0 -3.0 88.0
16.0 -3.0 84.0
17.0 -3.0 94.0
18.0 -3.0 102.0
19.0 -3.0 75.0
20.0 -3.0 62.0
20.0 -2.0 60.0
19.0 -2.0 79.0
18.0 -2.0 79.0
17.0 -2.0 75.0
16.0 -2.0 70.0
15.0 -2.0 79.0
14.0 -2.0 77.0
13.0 -2.0 61.0
12.0 -2.0 50.0
11.0 -2.0 51.0
10.0 -2.0 56.0
9.0 -2.0 48.0
8.0 -2.0 56.0
7.0 -2.0 77.0
6.0 -2.0 68.0
5.0 -2.0 53.0
4.0 -2.0 44.0
3.0 -2.0 34.0
2.0 -2.0 34.0
1.0 -2.0 30.0
0.0 -2.0 19.0
-1.0 -2.0 11.0
-2.0 -2.0 5.0
-3.0 -2.0 5.0
-4.0 -2.0 6.0
-5.0 -2.0 10.0
-6.0 -2.0 10.0
-7.0 -2.0 6.0
-8.0 -2.0 5.0
-9.0 -2.0 15.0
-10.0 -2.0 12.0
-11.0 -2.0 12.0
-12.0 -2.0 6.0
-13.0 -2.0 6.0
-14.0 -2.0 5.0
-15.0 -2.0 9.0
-16.0 -2.0 6.0
-17.0 -2.0 10.0
-18.0 -2.0 5.0
-19.0 -2.0 10.0
-20.0 -2.0 5.0
-20.0 -1.0 10.0
-19.0 -1.0 5.0
-18.0 -1.0 10.0
-17.0 -1.0 6.0
-16.0 -1.0 10.0
-15.0 -1.0 6.0
-14.0 -1.0 6.0
-13.0 -1.0 5.0
-12.0 -1.0 4.0
-11.0 -1.0 10.0
-10.0 -1.0 5.0
-9.0 -1.0 11.0
-8.0 -1.0 4.0
-7.0 -1.0 2.0
-6.0 -1.0 4.0
-5.0 -1.0 5.0
-4.0 -1.0 4.0
-3.0 -1.0 5.0
-2.0 -1.0 12.0
-1.0 -1.0 5.0
0.0 -1.0 5.0
1.0 -1.0 5.0
2.0 -1.0 9.0
3.0 -1.0 5.0
4.0 -1.0 2.0
5.0 -1.0 5.0
6.0 -1.0 4.0
7.0 -1.0 2.0
8.0 -1.0 2.0
9.0 -1.0 10.0
10.0 -1.0 5.0
11.0 -1.0 11.0
12.0 -1.0 30.0
13.0 -1.0 32.0
14.0 -1.0 30.0
15.0 -1.0 48.0
16.0 -1.0 49.0
17.0 -1.0 69.0
18.0 -1.0 27.0
19.0 -1.0 32.0
20.0 -1.0 42.0
20.0 0.0 30.0
19.0 0.0 38.0
18.0 0.0 48.0
17.0 0.0 50.0
16.0 0.0 53.0
15.0 0.0 0.0
14.0 0.0 59.0
13.0 0.0 58.0
12.0 0.0 36.0
11.0 0.0 48.0
10.0 0.0 40.0
9.0 0.0 32.0
8.0 0.0 15.0
7.0 0.0 14.0
6.0 0.0 30.0
5.0 0.0 38.0
4.0 0.0 20.0
3.0 0.0 38.0
2.0 0.0 40.0
1.0 0.0 30.0
0.0 0.0 22.0
-1.0 0.0 16.0
-2.0 0.0 9.0
-3.0 0.0 2.0
-4.0 0.0 1.0
-5.0 0.0 5.0
-6.0 0.0 2.0
-7.0 0.0 5.0
-8.0 0.0 5.0
-9.0 0.0 5.0
-10.0 0.0 15.0
-11.0 0.0 5.0
-12.0 0.0 2.0
-13.0 0.0 2.0
-14.0 0.0 0.0
-15.0 0.0 0.0
-16.0 0.0 4.0
-17.0 0.0 15.0
-18.0 0.0 4.0
-19.0 0.0 4.0
-20.0 0.0 2.0
-20.0 1.0 4.0
-19.0 1.0 4.0
-18.0 1.0 12.0
-17.0 1.0 4.0
-16.0 1.0 4.0
-15.0 1.0 5.0
-14.0 1.0 5.0
-13.0 1.0 4.0
-12.0 1.0 4.0
-11.0 1.0 5.0
-10.0 1.0 2.0
-9.0 1.0 4.0
-8.0 1.0 5.0
-7.0 1.0 5.0
-6.0 1.0 4.0
-5.0 1.0 2.0
-4.0 1.0 5.0
-3.0 1.0 12.0
-2.0 1.0 4.0
-1.0 1.0 4.0
0.0 1.0 4.0
1.0 1.0 4.0
2.0 1.0 5.0
3.0 1.0 5.0
4.0 1.0 10.0
5.0 1.0 5.0
6.0 1.0 5.0
7.0 1.0 2.0
8.0 1.0 12.0
9.0 1.0 5.0
10.0 1.0 6.0
11.0 1.0 1.0
12.0 1.0 0.0
13.0 1.0 5.0
14.0 1.0 2.0
15.0 1.0 2.0
16.0 1.0 1.0
17.0 1.0 1.0
18.0 1.0 30.0
19.0 1.0 34.0
20.0 1.0 35.0
20.0 2.0 42.0
19.0 2.0 39.0
18.0 2.0 40.0
17.0 2.0 35.0
16.0 2.0 40.0
15.0 2.0 43.0
14.0 2.0 46.0
13.0 2.0 44.0
12.0 2.0 43.0
11.0 2.0 46.0
10.0 2.0 39.0
9.0 2.0 32.0
8.0 2.0 21.0
7.0 2.0 1.0
6.0 2.0 1.0
5.0 2.0 1.0
4.0 2.0 1.0
3.0 2.0 1.0
2.0 2.0 1.0
1.0 2.0 1.0
0.0 2.0 1.0
-1.0 2.0 14.0
-2.0 2.0 5.0
-3.0 2.0 4.0
-4.0 2.0 5.0
-5.0 2.0 11.0
-6.0 2.0 5.0
-7.0 2.0 2.0
-8.0 2.0 4.0
-9.0 2.0 4.0
-10.0 2.0 2.0
-11.0 2.0 5.0
-12.0 2.0 5.0
-13.0 2.0 9.0
-14.0 2.0 4.0
-15.0 2.0 5.0
-16.0 2.0 9.0
-17.0 2.0 4.0
-18.0 2.0 2.0
-19.0 2.0 5.0
-20.0 2.0 14.0
-20.0 3.0 4.0
-19.0 3.0 5.0
-18.0 3.0 4.0
-17.0 3.0 5.0
-16.0 3.0 4.0
-15.0 3.0 5.0
-14.0 3.0 5.0
-13.0 3.0 4.0
-12.0 3.0 5.0
-11.0 3.0 4.0
-10.0 3.0 4.0
-9.0 3.0 5.0
-8.0 3.0 14.0
-7.0 3.0 4.0
-6.0 3.0 5.0
-5.0 3.0 2.0
-4.0 3.0 5.0
-3.0 3.0 2.0
-2.0 3.0 1.0
-1.0 3.0 5.0
0.0 3.0 4.0
1.0 3.0 5.0
2.0 3.0 5.0
3.0 3.0 11.0
4.0 3.0 4.0
5.0 3.0 2.0
6.0 3.0 4.0
7.0 3.0 16.0
8.0 3.0 2.0
9.0 3.0 2.0
10.0 3.0 5.0
11.0 3.0 12.0
12.0 3.0 0.0
13.0 3.0 2.0
14.0 3.0 1.0
15.0 3.0 2.0
16.0 3.0 0.0
17.0 3.0 2.0
18.0 3.0 21.0
19.0 3.0 30.0
20.0 3.0 32.0
20.0 4.0 39.0
19.0 4.0 44.0
18.0 4.0 48.0
17.0 4.0 50.0
16.0 4.0 46.0
15.0 4.0 48.0
14.0 4.0 46.0
13.0 4.0 55.0
12.0 4.0 48.0
11.0 4.0 46.0
10.0 4.0 45.0
9.0 4.0 44.0
8.0 4.0 32.0
7.0 4.0 9.0
6.0 4.0 2.0
5.0 4.0 9.0
4.0 4.0 2.0
3.0 4.0 1.0
2.0 4.0 2.0
1.0 4.0 2.0
0.0 4.0 9.0
-1.0 4.0 5.0
-2.0 4.0 5.0
-3.0 4.0 5.0
-4.0 4.0 4.0
-5.0 4.0 4.0
-6.0 4.0 15.0
-7.0 4.0 4.0
-8.0 4.0 4.0
-9.0 4.0 5.0
-10.0 4.0 15.0
-11.0 4.0 5.0
-12.0 4.0 5.0
-13.0 4.0 2.0
-14.0 4.0 5.0
-15.0 4.0 5.0
-16.0 4.0 2.0
-17.0 4.0 4.0
-18.0 4.0 4.0
-19.0 4.0 5.0
-20.0 4.0 5.0
-20.0 5.0 5.0
-19.0 5.0 4.0
-18.0 5.0 9.0
-17.0 5.0 5.0
-16.0 5.0 5.0
-15.0 5.0 5.0
-14.0 5.0 5.0
-13.0 5.0 4.0
-12.0 5.0 5.0
-11.0 5.0 9.0
-10.0 5.0 5.0
-9.0 5.0 4.0
-8.0 5.0 4.0
-7.0 5.0 5.0
-6.0 5.0 4.0
-5.0 5.0 2.0
-4.0 5.0 2.0
-3.0 5.0 14.0
-2.0 5.0 5.0
-1.0 5.0 5.0
0.0 5.0 4.0
1.0 5.0 4.0
2.0 5.0 4.0
3.0 5.0 4.0
4.0 5.0 5.0
5.0 5.0 5.0
6.0 5.0 4.0
7.0 5.0 9.0
8.0 5.0 9.0
9.0 5.0 5.0
10.0 5.0 9.0
11.0 5.0 4.0
12.0 5.0 5.0
13.0 5.0 1.0
14.0 5.0 1.0
15.0 5.0 2.0
16.0 5.0 4.0
17.0 5.0 14.0
18.0 5.0 27.0
19.0 5.0 37.0
20.0 5.0 42.0
20.0 6.0 42.0
19.0 6.0 46.0
18.0 6.0 46.0
17.0 6.0 46.0
16.0 6.0 46.0
15.0 6.0 48.0
14.0 6.0 46.0
13.0 6.0 48.0
12.0 6.0 46.0
11.0 6.0 48.0
10.0 6.0 46.0
9.0 6.0 42.0
8.0 6.0 32.0
7.0 6.0 21.0
6.0 6.0 4.0
5.0 6.0 4.0
4.0 6.0 0.0
3.0 6.0 1.0
2.0 6.0 1.0
1.0 6.0 5.0
0.0 6.0 5.0
-1.0 6.0 4.0
-2.0 6.0 5.0
-3.0 6.0 5.0
-4.0 6.0 16.0
-5.0 6.0 4.0
-6.0 6.0 5.0
-7.0 6.0 2.0
-8.0 6.0 4.0
-9.0 6.0 4.0
-10.0 6.0 4.0
-11.0 6.0 4.0
-12.0 6.0 2.0
-13.0 6.0 4.0
-14.0 6.0 5.0
-15.0 6.0 5.0
-16.0 6.0 5.0
-17.0 6.0 2.0
-18.0 6.0 1.0
-19.0 6.0 9.0
-20.0 6.0 4.0
-20.0 7.0 2.0
-19.0 7.0 5.0
-18.0 7.0 4.0
-17.0 7.0 4.0
-16.0 7.0 5.0
-15.0 7.0 4.0
-14.0 7.0 5.0
-13.0 7.0 4.0
-12.0 7.0 5.0
-11.0 7.0 4.0
-10.0 7.0 5.0
-9.0 7.0 4.0
-8.0 7.0 5.0
-7.0 7.0 5.0
-6.0 7.0 4.0
-5.0 7.0 5.0
-4.0 7.0 4.0
-3.0 7.0 5.0
-2.0 7.0 5.0
-1.0 7.0 5.0
0.0 7.0 4.0
1.0 7.0 4.0
2.0 7.0 5.0
3.0 7.0 5.0
4.0 7.0 5.0
5.0 7.0 2.0
6.0 7.0 4.0
7.0 7.0 4.0
8.0 7.0 4.0
9.0 7.0 2.0
10.0 7.0 4.0
11.0 7.0 5.0
12.0 7.0 9.0
13.0 7.0 4.0
14.0 7.0 1.0
15.0 7.0 1.0
16.0 7.0 0.0
17.0 7.0 5.0
18.0 7.0 11.0
19.0 7.0 16.0
20.0 7.0 15.0
20.0 8.0 36.0
19.0 8.0 42.0
18.0 8.0 45.0
17.0 8.0 43.0
16.0 8.0 44.0
15.0 8.0 45.0
14.0 8.0 42.0
13.0 8.0 42.0
12.0 8.0 42.0
11.0 8.0 45.0
10.0 8.0 42.0
9.0 8.0 26.0
8.0 8.0 15.0
7.0 8.0 9.0
6.0 8.0 1.0
5.0 8.0 1.0
4.0 8.0 1.0
3.0 8.0 9.0
2.0 8.0 1.0
1.0 8.0 1.0
0.0 8.0 5.0
-1.0 8.0 25.0
-2.0 8.0 5.0
-3.0 8.0 2.0
-4.0 8.0 2.0
-5.0 8.0 12.0
-6.0 8.0 2.0
-7.0 8.0 4.0
-8.0 8.0 1.0
-9.0 8.0 4.0
-10.0 8.0 5.0
-11.0 8.0 4.0
-12.0 8.0 2.0
-13.0 8.0 4.0
-14.0 8.0 4.0
-15.0 8.0 2.0
-16.0 8.0 5.0
-17.0 8.0 4.0
-18.0 8.0 1.0
-19.0 8.0 5.0
-20.0 8.0 15.0
-20.0 9.0 5.0
-19.0 9.0 4.0
-18.0 9.0 4.0
-17.0 9.0 2.0
-16.0 9.0 5.0
-15.0 9.0 2.0
-14.0 9.0 2.0
-13.0 9.0 5.0
-12.0 9.0 14.0
-11.0 9.0 5.0
-10.0 9.0 4.0
-9.0 9.0 4.0
-8.0 9.0 5.0
-7.0 9.0 5.0
-6.0 9.0 4.0
-5.0 9.0 4.0
-4.0 9.0 5.0
-3.0 9.0 4.0
-2.0 9.0 4.0
-1.0 9.0 2.0
0.0 9.0 12.0
1.0 9.0 2.0
2.0 9.0 4.0
3.0 9.0 1.0
4.0 9.0 4.0
5.0 9.0 4.0
6.0 9.0 4.0
7.0 9.0 2.0
8.0 9.0 4.0
9.0 9.0 2.0
10.0 9.0 5.0
11.0 9.0 10.0
12.0 9.0 2.0
13.0 9.0 1.0
14.0 9.0 1.0
15.0 9.0 2.0
16.0 9.0 5.0
17.0 9.0 1.0
18.0 9.0 1.0
19.0 9.0 4.0
20.0 9.0 12.0
20.0 10.0 34.0
19.0 10.0 36.0
18.0 10.0 35.0
17.0 10.0 36.0
16.0 10.0 40.0
15.0 10.0 35.0
14.0 10.0 35.0
13.0 10.0 35.0
12.0 10.0 38.0
11.0 10.0 26.0
10.0 10.0 21.0
9.0 10.0 5.0
8.0 10.0 1.0
7.0 10.0 1.0
6.0 10.0 1.0
5.0 10.0 0.0
4.0 10.0 1.0
3.0 10.0 1.0
2.0 10.0 0.0
1.0 10.0 1.0
0.0 10.0 10.0
-1.0 10.0 2.0
-2.0 10.0 4.0
-3.0 10.0 4.0
-4.0 10.0 5.0
-5.0 10.0 2.0
-6.0 10.0 2.0
-7.0 10.0 4.0
-8.0 10.0 2.0
-9.0 10.0 5.0
-10.0 10.0 4.0
-11.0 10.0 2.0
-12.0 10.0 4.0
-13.0 10.0 4.0
-14.0 10.0 5.0
-15.0 10.0 4.0
-16.0 10.0 5.0
-17.0 10.0 5.0
-18.0 10.0 5.0
-19.0 10.0 11.0
-20.0 10.0 4.0
-20.0 11.0 12.0
-19.0 11.0 4.0
-18.0 11.0 2.0
-17.0 11.0 2.0
-16.0 11.0 5.0
-15.0 11.0 4.0
-14.0 11.0 5.0
-13.0 11.0 2.0
-12.0 11.0 2.0
-11.0 11.0 4.0
-10.0 11.0 5.0
-9.0 11.0 12.0
-8.0 11.0 4.0
-7.0 11.0 5.0
-6.0 11.0 4.0
-5.0 11.0 4.0
-4.0 11.0 4.0
-3.0 11.0 4.0
-2.0 11.0 4.0
-1.0 11.0 4.0
0.0 11.0 1.0
1.0 11.0 1.0
2.0 11.0 4.0
3.0 11.0 5.0
4.0 11.0 2.0
5.0 11.0 4.0
6.0 11.0 2.0
7.0 11.0 2.0
8.0 11.0 5.0
9.0 11.0 5.0
10.0 11.0 12.0
11.0 11.0 10.0
12.0 11.0 0.0
13.0 11.0 1.0
14.0 11.0 1.0
15.0 11.0 1.0
16.0 11.0 0.0
17.0 11.0 1.0
18.0 11.0 1.0
19.0 11.0 1.0
20.0 11.0 9.0
20.0 12.0 25.0
19.0 12.0 32.0
18.0 12.0 41.0
17.0 12.0 37.0
16.0 12.0 39.0
15.0 12.0 36.0
14.0 12.0 36.0
13.0 12.0 41.0
12.0 12.0 30.0
11.0 12.0 20.0
10.0 12.0 5.0
9.0 12.0 5.0
8.0 12.0 2.0
7.0 12.0 0.0
6.0 12.0 1.0
5.0 12.0 1.0
4.0 12.0 2.0
3.0 12.0 0.0
2.0 12.0 2.0
1.0 12.0 1.0
0.0 12.0 10.0
-1.0 12.0 5.0
-2.0 12.0 5.0
-3.0 12.0 5.0
-4.0 12.0 5.0
-5.0 12.0 4.0
-6.0 12.0 12.0
-7.0 12.0 5.0
-8.0 12.0 9.0
-9.0 12.0 2.0
-10.0 12.0 2.0
-11.0 12.0 4.0
-12.0 12.0 2.0
-13.0 12.0 9.0
-14.0 12.0 4.0
-15.0 12.0 4.0
-16.0 12.0 4.0
-17.0 12.0 4.0
-18.0 12.0 6.0
-19.0 12.0 5.0
-20.0 12.0 4.0
-20.0 13.0 5.0
-19.0 13.0 5.0
-18.0 13.0 5.0
-17.0 13.0 5.0
-16.0 13.0 5.0
-15.0 13.0 5.0
-14.0 13.0 5.0
-13.0 13.0 6.0
-12.0 13.0 6.0
-11.0 13.0 11.0
-10.0 13.0 6.0
-9.0 13.0 4.0
-8.0 13.0 4.0
-7.0 13.0 4.0
-6.0 13.0 4.0
-5.0 13.0 6.0
-4.0 13.0 2.0
-3.0 13.0 5.0
-2.0 13.0 5.0
-1.0 13.0 4.0
0.0 13.0 12.0
1.0 13.0 5.0
2.0 13.0 5.0
3.0 13.0 2.0
4.0 13.0 4.0
5.0 13.0 5.0
6.0 13.0 5.0
7.0 13.0 5.0
8.0 13.0 5.0
9.0 13.0 2.0
10.0 13.0 10.0
11.0 13.0 1.0
12.0 13.0 1.0
13.0 13.0 4.0
14.0 13.0 1.0
15.0 13.0 1.0
16.0 13.0 2.0
17.0 13.0 1.0
18.0 13.0 2.0
19.0 13.0 4.0
20.0 13.0 2.0
20.0 14.0 2.0
19.0 14.0 17.0
18.0 14.0 19.0
17.0 14.0 38.0
16.0 14.0 34.0
15.0 14.0 41.0
14.0 14.0 39.0
13.0 14.0 31.0
12.0 14.0 31.0
11.0 14.0 10.0
10.0 14.0 11.0
9.0 14.0 6.0
8.0 14.0 1.0
7.0 14.0 4.0
6.0 14.0 1.0
5.0 14.0 2.0
4.0 14.0 0.0
3.0 14.0 1.0
2.0 14.0 0.0
1.0 14.0 1.0
0.0 14.0 10.0
-1.0 14.0 6.0
-2.0 14.0 6.0
-3.0 14.0 4.0
-4.0 14.0 6.0
-5.0 14.0 5.0
-6.0 14.0 5.0
-7.0 14.0 5.0
-8.0 14.0 14.0
-9.0 14.0 4.0
-10.0 14.0 5.0
-11.0 14.0 5.0
-12.0 14.0 9.0
-13.0 14.0 4.0
-14.0 14.0 5.0
-15.0 14.0 6.0
-16.0 14.0 4.0
-17.0 14.0 5.0
-18.0 14.0 5.0
-19.0 14.0 6.0
-20.0 14.0 5.0
-20.0 15.0 6.0
-19.0 15.0 6.0
-18.0 15.0 5.0
-17.0 15.0 5.0
-16.0 15.0 6.0
-15.0 15.0 4.0
-14.0 15.0 6.0
-13.0 15.0 10.0
-12.0 15.0 12.0
-11.0 15.0 5.0
-10.0 15.0 9.0
-9.0 15.0 6.0
-8.0 15.0 6.0
-7.0 15.0 6.0
-6.0 15.0 5.0
-5.0 15.0 6.0
-4.0 15.0 6.0
-3.0 15.0 6.0
-2.0 15.0 6.0
-1.0 15.0 6.0
0.0 15.0 2.0
1.0 15.0 5.0
2.0 15.0 5.0
3.0 15.0 6.0
4.0 15.0 4.0
5.0 15.0 2.0
6.0 15.0 5.0
7.0 15.0 5.0
8.0 15.0 5.0
9.0 15.0 5.0
10.0 15.0 5.0
11.0 15.0 6.0
12.0 15.0 1.0
13.0 15.0 1.0
14.0 15.0 4.0
15.0 15.0 1.0
16.0 15.0 1.0
17.0 15.0 1.0
18.0 15.0 0.0
19.0 15.0 0.0
20.0 15.0 6.0
20.0 16.0 5.0
19.0 16.0 20.0
18.0 16.0 24.0
17.0 16.0 38.0
16.0 16.0 39.0
15.0 16.0 34.0
14.0 16.0 34.0
13.0 16.0 39.0
12.0 16.0 17.0
11.0 16.0 12.0
10.0 16.0 4.0
9.0 16.0 0.0
8.0 16.0 2.0
7.0 16.0 2.0
6.0 16.0 0.0
5.0 16.0 1.0
4.0 16.0 2.0
3.0 16.0 1.0
2.0 16.0 4.0
1.0 16.0 1.0
0.0 16.0 10.0
-1.0 16.0 16.0
-2.0 16.0 6.0
-3.0 16.0 4.0
-4.0 16.0 6.0
-5.0 16.0 4.0
-6.0 16.0 2.0
-7.0 16.0 6.0
-8.0 16.0 6.0
-9.0 16.0 5.0
-10.0 16.0 4.0
-11.0 16.0 4.0
-12.0 16.0 14.0
-13.0 16.0 6.0
-14.0 16.0 6.0
-15.0 16.0 6.0
-16.0 16.0 5.0
-17.0 16.0 5.0
-18.0 16.0 5.0
-19.0 16.0 5.0
-20.0 16.0 4.0
-20.0 17.0 14.0
-19.0 17.0 5.0
-18.0 17.0 2.0
-17.0 17.0 5.0
-16.0 17.0 4.0
-15.0 17.0 4.0
-14.0 17.0 4.0
-13.0 17.0 4.0
-12.0 17.0 12.0
-11.0 17.0 6.0
-10.0 17.0 4.0
-9.0 17.0 6.0
-8.0 17.0 6.0
-7.0 17.0 5.0
-6.0 17.0 5.0
-5.0 17.0 4.0
-4.0 17.0 6.0
-3.0 17.0 6.0
-2.0 17.0 6.0
-1.0 17.0 5.0
0.0 17.0 6.0
1.0 17.0 2.0
2.0 17.0 5.0
3.0 17.0 5.0
4.0 17.0 5.0
5.0 17.0 10.0
6.0 17.0 5.0
7.0 17.0 16.0
8.0 17.0 5.0
9.0 17.0 5.0
10.0 17.0 6.0
11.0 17.0 1.0
12.0 17.0 0.0
13.0 17.0 1.0
14.0 17.0 0.0
15.0 17.0 2.0
16.0 17.0 1.0
17.0 17.0 1.0
18.0 17.0 1.0
19.0 17.0 1.0
20.0 17.0 4.0
20.0 18.0 10.0
19.0 18.0 16.0
18.0 18.0 30.0
17.0 18.0 34.0
16.0 18.0 25.0
15.0 18.0 24.0
14.0 18.0 16.0
13.0 18.0 40.0
12.0 18.0 24.0
11.0 18.0 12.0
10.0 18.0 1.0
9.0 18.0 4.0
8.0 18.0 0.0
7.0 18.0 4.0
6.0 18.0 2.0
5.0 18.0 1.0
4.0 18.0 2.0
3.0 18.0 1.0
2.0 18.0 1.0
1.0 18.0 1.0
0.0 18.0 6.0
-1.0 18.0 10.0
-2.0 18.0 6.0
-3.0 18.0 6.0
-4.0 18.0 11.0
-5.0 18.0 5.0
-6.0 18.0 4.0
-7.0 18.0 2.0
-8.0 18.0 5.0
-9.0 18.0 1.0
-10.0 18.0 6.0
-11.0 18.0 5.0
-12.0 18.0 14.0
-13.0 18.0 5.0
-14.0 18.0 6.0
-15.0 18.0 6.0
-16.0 18.0 4.0
-17.0 18.0 6.0
-18.0 18.0 4.0
-19.0 18.0 5.0
-20.0 18.0 5.0
-20.0 19.0 6.0
-19.0 19.0 5.0
-18.0 19.0 6.0
-17.0 19.0 5.0
-16.0 19.0 5.0
-15.0 19.0 5.0
-14.0 19.0 6.0
-13.0 19.0 6.0
-12.0 19.0 10.0
-11.0 19.0 5.0
-10.0 19.0 2.0
-9.0 19.0 5.0
-8.0 19.0 4.0
-7.0 19.0 6.0
-6.0 19.0 5.0
-5.0 19.0 5.0
-4.0 19.0 6.0
-3.0 19.0 6.0
-2.0 19.0 4.0
-1.0 19.0 5.0
0.0 19.0 4.0
1.0 19.0 5.0
2.0 19.0 5.0
3.0 19.0 6.0
4.0 19.0 6.0
5.0 19.0 5.0
6.0 19.0 6.0
7.0 19.0 5.0
8.0 19.0 6.0
9.0 19.0 6.0
10.0 19.0 5.0
11.0 19.0 6.0
12.0 19.0 10.0
13.0 19.0 1.0
14.0 19.0 6.0
15.0 19.0 1.0
16.0 19.0 1.0
17.0 19.0 1.0
18.0 19.0 4.0
19.0 19.0 4.0
20.0 19.0 2.0
20.0 20.0 10.0
19.0 20.0 14.0
18.0 20.0 17.0
17.0 20.0 27.0
16.0 20.0 27.0
15.0 20.0 31.0
14.0 20.0 30.0
13.0 20.0 35.0
12.0 20.0 12.0
11.0 20.0 1.0
10.0 20.0 4.0
9.0 20.0 6.0
8.0 20.0 6.0
7.0 20.0 1.0
6.0 20.0 1.0
5.0 20.0 2.0
4.0 20.0 6.0
3.0 20.0 0.0
2.0 20.0 1.0
1.0 20.0 6.0
0.0 20.0 5.0
-1.0 20.0 6.0
-2.0 20.0 6.0
-3.0 20.0 6.0
-4.0 20.0 5.0
-5.0 20.0 6.0
-6.0 20.0 5.0
-7.0 20.0 6.0
-8.0 20.0 12.0
-9.0 20.0 5.0
-10.0 20.0 6.0
-11.0 20.0 6.0
-12.0 20.0 5.0
-13.0 20.0 5.0
-14.0 20.0 10.0
-15.0 20.0 5.0
-16.0 20.0 6.0
-17.0 20.0 10.0
-18.0 20.0 5.0
-19.0 20.0 10.0
-20.0 20.0 5.0
-20.0 21.0 11.0
-19.0 21.0 5.0
-18.0 21.0 5.0
-17.0 21.0 5.0
-16.0 21.0 2.0
-15.0 21.0 2.0
-14.0 21.0 5.0
-13.0 21.0 6.0
-12.0 21.0 5.0
-11.0 21.0 5.0
-10.0 21.0 4.0
-9.0 21.0 4.0
-8.0 21.0 5.0
-7.0 21.0 5.0
-6.0 21.0 5.0
-5.0 21.0 6.0
-4.0 21.0 5.0
-3.0 21.0 6.0
-2.0 21.0 6.0
-1.0 21.0 16.0
0.0 21.0 5.0
1.0 21.0 5.0
2.0 21.0 6.0
3.0 21.0 5.0
4.0 21.0 5.0
5.0 21.0 6.0
6.0 21.0 6.0
7.0 21.0 5.0
8.0 21.0 6.0
9.0 21.0 6.0
10.0 21.0 6.0
11.0 21.0 12.0
12.0 21.0 1.0
13.0 21.0 1.0
14.0 21.0 6.0
15.0 21.0 1.0
16.0 21.0 0.0
17.0 21.0 0.0
18.0 21.0 4.0
19.0 21.0 5.0
20.0 21.0 2.0
