20.0 -20.0 45.0
19.0 -20.0 0.0
18.0 -20.0 49.0
17.0 -20.0 46.0
16.0 -20.0 53.0
15.0 -20.0 58.0
14.0 -20.0 93.0
13.0 -20.0 95.0
12.0 -20.0 95.0
11.0 -20.0 101.0
10.0 -20.0 105.0
9.0 -20.0 102.0
8.0 -20.0 77.0
7.0 -20.0 74.0
6.0 -20.0 79.0
5.0 -20.0 80.0
4.0 -20.0 97.0
3.0 -20.0 107.0
2.0 -20.0 109.0
1.0 -20.0 107.0
0.0 -20.0 107.0
-1.0 -20.0 108.0
-2.0 -20.0 89.0
-3.0 -20.0 67.0
-4.0 -20.0 65.0
-5.0 -20.0 68.0
-6.0 -20.0 66.0
-7.0 -20.0 67.0
-8.0 -20.0 65.0
-9.0 -20.0 63.0
-10.0 -20.0 67.0
-11.0 -20.0 69.0
-12.0 -20.0 68.0
-13.0 -20.0 68.0
-14.0 -20.0 68.0
-15.0 -20.0 66.0
-16.0 -20.0 66.0
-17.0 -20.0 67.0
-18.0 -20.0 66.0
-19.0 -20.0 66.0
-20.0 -20.0 68.0
-20.0 -19.0 67.0
-19.0 -19.0 66.0
-18.0 -19.0 68.0
-17.0 -19.0 69.0
-16.0 -19.0 68.0
-15.0 -19.0 68.0
-14.0 -19.0 66.0
-13.0 -19.0 68.0
-12.0 -19.0 72.0
-11.0 -19.0 69.0
-10.0 -19.0 66.0
-9.0 -19.0 66.0
-8.0 -19.0 66.0
-7.0 -19.0 63.0
-6.0 -19.0 62.0
-5.0 -19.0 66.0
-4.0 -19.0 66.0
-3.0 -19.0 66.0
-2.0 -19.0 63.0
-1.0 -19.0 62.0
0.0 -19.0 65.0
1.0 -19.0 61.0
2.0 -19.0 61.0
3.0 -19.0 71.0
4.0 -19.0 62.0
5.0 -19.0 63.0
6.0 -19.0 63.0
7.0 -19.0 69.0
8.0 -19.0 103.0
9.0 -19.0 102.0
10.0 -19.0 105.0
11.0 -19.0 105.0
12.0 -19.0 105.0
13.0 -19.0 107.0
14.0 -19.0 112.0
15.0 -19.0 107.0
16.0 -19.0 104.0
17.0 -19.0 80.0
18.0 -19.0 70.0
19.0 -19.0 86.0
20.0 -19.0 105.0
20.0 -18.0 104.0
19.0 -18.0 104.0
18.0 -18.0 94.0
17.0 -18.0 92.0
16.0 -18.0 93.0
15.0 -18.0 93.0
14.0 -18.0 93.0
13.0 -18.0 95.0
12.0 -18.0 94.0
11.0 -18.0 95.0
10.0 -18.0 109.0
9.0 -18.0 107.0
8.0 -18.0 76.0
7.0 -18.0 74.0
6.0 -18.0 92.0
5.0 -18.0 105.0
4.0 -18.0 108.0
3.0 -18.0 107.0
2.0 -18.0 105.0
1.0 -18.0 107.0
0.0 -18.0 107.0
-1.0 -18.0 107.0
-2.0 -18.0 103.0
-3.0 -18.0 94.0
-4.0 -18.0 66.0
-5.0 -18.0 71.0
-6.0 -18.0 62.0
-7.0 -18.0 60.0
-8.0 -18.0 61.0
-9.0 -18.0 59.0
-10.0 -18.0 65.0
-11.0 -18.0 61.0
-12.0 -18.0 62.0
-13.0 -18.0 62.0
-14.0 -18.0 62.0
-15.0 -18.0 63.0
-16.0 -18.0 68.0
-17.0 -18.0 62.0
-18.0 -18.0 62.0
-19.0 -18.0 62.0
-20.0 -18.0 69.0
-20.0 -17.0 66.0
-19.0 -17.0 65.0
-18.0 -17.0 66.0
-17.0 -17.0 62.0
-16.0 -17.0 62.0
-15.0 -17.0 61.0
-14.0 -17.0 63.0
-13.0 -17.0 65.0
-12.0 -17.0 69.0
-11.0 -17.0 65.0
-10.0 -17.0 62.0
-9.0 -17.0 63.0
-8.0 -17.0 62.0
-7.0 -17.0 61.0
-6.0 -17.0 61.0
-5.0 -17.0 65.0
-4.0 -17.0 62.0
-3.0 -17.0 61.0
-2.0 -17.0 62.0
-1.0 -17.0 63.0
0.0 -17.0 65.0
1.0 -17.0 61.0
2.0 -17.0 61.0
3.0 -17.0 61.0
4.0 -17.0 61.0
5.0 -17.0 62.0
6.0 -17.0 62.0
7.0 -17.0 69.0
8.0 -17.0 68.0
9.0 -17.0 101.0
10.0 -17.0 103.0
11.0 -17.0 104.0
12.0 -17.0 107.0
13.0 -17.0 103.0
14.0 -17.0 105.0
15.0 -17.0 107.0
16.0 -17.0 87.0
17.0 -17.0 75.0
18.0 -17.0 76.0
19.0 -17.0 103.0
20.0 -17.0 104.0
20.0 -16.0 104.0
19.0 -16.0 96.0
18.0 -16.0 95.0
17.0 -16.0 93.0
16.0 -16.0 96.0
15.0 -16.0 95.0
14.0 -16.0 94.0
13.0 -16.0 95.0
12.0 -16.0 94.0
11.0 -16.0 93.0
10.0 -16.0 101.0
9.0 -16.0 103.0
8.0 -16.0 105.0
7.0 -16.0 72.0
6.0 -16.0 77.0
5.0 -16.0 85.0
4.0 -16.0 103.0
3.0 -16.0 108.0
2.0 -16.0 114.0
1.0 -16.0 104.0
0.0 -16.0 102.0
-1.0 -16.0 101.0
-2.0 -16.0 97.0
-3.0 -16.0 85.0
-4.0 -16.0 69.0
-5.0 -16.0 62.0
-6.0 -16.0 62.0
-7.0 -16.0 61.0
-8.0 -16.0 61.0
-9.0 -16.0 69.0
-10.0 -16.0 61.0
-11.0 -16.0 58.0
-12.0 -16.0 63.0
-13.0 -16.0 67.0
-14.0 -16.0 62.0
-15.0 -16.0 61.0
-16.0 -16.0 62.0
-17.0 -16.0 63.0
-18.0 -16.0 62.0
-19.0 -16.0 61.0
-20.0 -16.0 63.0
-20.0 -15.0 63.0
-19.0 -15.0 62.0
-18.0 -15.0 62.0
-17.0 -15.0 63.0
-16.0 -15.0 61.0
-15.0 -15.0 59.0
-14.0 -15.0 63.0
-13.0 -15.0 61.0
-12.0 -15.0 62.0
-11.0 -15.0 69.0
-10.0 -15.0 61.0
-9.0 -15.0 61.0
-8.0 -15.0 61.0
-7.0 -15.0 60.0
-6.0 -15.0 60.0
-5.0 -15.0 62.0
-4.0 -15.0 62.0
-3.0 -15.0 61.0
-2.0 -15.0 62.0
-1.0 -15.0 62.0
0.0 -15.0 61.0
1.0 -15.0 59.0
2.0 -15.0 62.0
3.0 -15.0 60.0
4.0 -15.0 62.0
5.0 -15.0 61.0
6.0 -15.0 62.0
7.0 -15.0 62.0
8.0 -15.0 62.0
9.0 -15.0 95.0
10.0 -15.0 100.0
11.0 -15.0 105.0
12.0 -15.0 107.0
13.0 -15.0 107.0
14.0 -15.0 107.0
15.0 -15.0 114.0
16.0 -15.0 91.0
17.0 -15.0 75.0
18.0 -15.0 77.0
19.0 -15.0 110.0
20.0 -15.0 104.0
20.0 -14.0 96.0
19.0 -14.0 93.0
18.0 -14.0 94.0
17.0 -14.0 96.0
16.0 -14.0 94.0
15.0 -14.0 96.0
14.0 -14.0 94.0
13.0 -14.0 102.0
12.0 -14.0 95.0
11.0 -14.0 93.0
10.0 -14.0 92.0
9.0 -14.0 102.0
8.0 -14.0 103.0
7.0 -14.0 75.0
6.0 -14.0 76.0
5.0 -14.0 85.0
4.0 -14.0 107.0
3.0 -14.0 108.0
2.0 -14.0 110.0
1.0 -14.0 105.0
0.0 -14.0 104.0
-1.0 -14.0 102.0
-2.0 -14.0 101.0
-3.0 -14.0 101.0
-4.0 -14.0 67.0
-5.0 -14.0 65.0
-6.0 -14.0 62.0
-7.0 -14.0 59.0
-8.0 -14.0 62.0
-9.0 -14.0 58.0
-10.0 -14.0 60.0
-11.0 -14.0 60.0
-12.0 -14.0 63.0
-13.0 -14.0 61.0
-14.0 -14.0 62.0
-15.0 -14.0 62.0
-16.0 -14.0 62.0
-17.0 -14.0 65.0
-18.0 -14.0 61.0
-19.0 -14.0 63.0
-20.0 -14.0 62.0
-20.0 -13.0 63.0
-19.0 -13.0 63.0
-18.0 -13.0 65.0
-17.0 -13.0 59.0
-16.0 -13.0 61.0
-15.0 -13.0 65.0
-14.0 -13.0 60.0
-13.0 -13.0 63.0
-12.0 -13.0 63.0
-11.0 -13.0 69.0
-10.0 -13.0 62.0
-9.0 -13.0 62.0
-8.0 -13.0 61.0
-7.0 -13.0 62.0
-6.0 -13.0 65.0
-5.0 -13.0 65.0
-4.0 -13.0 62.0
-3.0 -13.0 61.0
-2.0 -13.0 62.0
-1.0 -13.0 65.0
0.0 -13.0 59.0
1.0 -13.0 61.0
2.0 -13.0 59.0
3.0 -13.0 61.0
4.0 -13.0 62.0
5.0 -13.0 61.0
6.0 -13.0 61.0
7.0 -13.0 62.0
8.0 -13.0 103.0
9.0 -13.0 101.0
10.0 -13.0 102.0
11.0 -13.0 104.0
12.0 -13.0 108.0
13.0 -13.0 107.0
14.0 -13.0 108.0
15.0 -13.0 110.0
16.0 -13.0 86.0
17.0 -13.0 76.0
18.0 -13.0 72.0
19.0 -13.0 101.0
20.0 -13.0 105.0
20.0 -12.0 114.0
19.0 -12.0 97.0
18.0 -12.0 94.0
17.0 -12.0 95.0
16.0 -12.0 93.0
15.0 -12.0 96.0
14.0 -12.0 94.0
13.0 -12.0 94.0
12.0 -12.0 95.0
11.0 -12.0 93.0
10.0 -12.0 101.0
9.0 -12.0 108.0
8.0 -12.0 92.0
7.0 -12.0 71.0
6.0 -12.0 78.0
5.0 -12.0 91.0
4.0 -12.0 105.0
3.0 -12.0 108.0
2.0 -12.0 105.0
1.0 -12.0 103.0
0.0 -12.0 103.0
-1.0 -12.0 103.0
-2.0 -12.0 101.0
-3.0 -12.0 94.0
-4.0 -12.0 62.0
-5.0 -12.0 62.0
-6.0 -12.0 69.0
-7.0 -12.0 62.0
-8.0 -12.0 62.0
-9.0 -12.0 50.0
-10.0 -12.0 61.0
-11.0 -12.0 59.0
-12.0 -12.0 63.0
-13.0 -12.0 62.0
-14.0 -12.0 61.0
-15.0 -12.0 62.0
-16.0 -12.0 65.0
-17.0 -12.0 61.0
-18.0 -12.0 61.0
-19.0 -12.0 63.0
-20.0 -12.0 62.0
-20.0 -11.0 65.0
-19.0 -11.0 63.0
-18.0 -11.0 66.0
-17.0 -11.0 61.0
-16.0 -11.0 58.0
-15.0 -11.0 61.0
-14.0 -11.0 61.0
-13.0 -11.0 62.0
-12.0 -11.0 61.0
-11.0 -11.0 61.0
-10.0 -11.0 61.0
-9.0 -11.0 63.0
-8.0 -11.0 61.0
-7.0 -11.0 61.0
-6.0 -11.0 61.0
-5.0 -11.0 60.0
-4.0 -11.0 60.0
-3.0 -11.0 61.0
-2.0 -11.0 63.0
-1.0 -11.0 61.0
0.0 -11.0 60.0
1.0 -11.0 54.0
2.0 -11.0 46.0
3.0 -11.0 50.0
4.0 -11.0 62.0
5.0 -11.0 58.0
6.0 -11.0 59.0
7.0 -11.0 61.0
8.0 -11.0 95.0
9.0 -11.0 101.0
10.0 -11.0 103.0
11.0 -11.0 108.0
12.0 -11.0 105.0
13.0 -11.0 105.0
14.0 -11.0 105.0
15.0 -11.0 108.0
16.0 -11.0 105.0
17.0 -11.0 79.0
18.0 -11.0 72.0
19.0 -11.0 103.0
20.0 -11.0 101.0
20.0 -10.0 101.0
19.0 -10.0 94.0
18.0 -10.0 94.0
17.0 -10.0 94.0
16.0 -10.0 95.0
15.0 -10.0 94.0
14.0 -10.0 96.0
13.0 -10.0 96.0
12.0 -10.0 96.0
11.0 -10.0 93.0
10.0 -10.0 99.0
9.0 -10.0 109.0
8.0 -10.0 76.0
7.0 -10.0 76.0
6.0 -10.0 79.0
5.0 -10.0 90.0
4.0 -10.0 107.0
3.0 -10.0 105.0
2.0 -10.0 107.0
1.0 -10.0 110.0
0.0 -10.0 101.0
-1.0 -10.0 101.0
-2.0 -10.0 96.0
-3.0 -10.0 76.0
-4.0 -10.0 62.0
-5.0 -10.0 62.0
-6.0 -10.0 61.0
-7.0 -10.0 59.0
-8.0 -10.0 61.0
-9.0 -10.0 58.0
-10.0 -10.0 63.0
-11.0 -10.0 60.0
-12.0 -10.0 61.0
-13.0 -10.0 62.0
-14.0 -10.0 58.0
-15.0 -10.0 62.0
-16.0 -10.0 63.0
-17.0 -10.0 62.0
-18.0 -10.0 61.0
-19.0 -10.0 61.0
-20.0 -10.0 61.0
-20.0 -9.0 61.0
-19.0 -9.0 63.0
-18.0 -9.0 68.0
-17.0 -9.0 60.0
-16.0 -9.0 61.0
-15.0 -9.0 60.0
-14.0 -9.0 61.0
-13.0 -9.0 60.0
-12.0 -9.0 63.0
-11.0 -9.0 62.0
-10.0 -9.0 62.0
-9.0 -9.0 62.0
-8.0 -9.0 61.0
-7.0 -9.0 60.0
-6.0 -9.0 60.0
-5.0 -9.0 61.0
-4.0 -9.0 61.0
-3.0 -9.0 67.0
-2.0 -9.0 62.0
-1.0 -9.0 58.0
0.0 -9.0 60.0
1.0 -9.0 48.0
2.0 -9.0 60.0
3.0 -9.0 62.0
4.0 -9.0 61.0
5.0 -9.0 61.0
6.0 -9.0 63.0
7.0 -9.0 62.0
8.0 -9.0 96.0
9.0 -9.0 102.0
10.0 -9.0 102.0
11.0 -9.0 105.0
12.0 -9.0 107.0
13.0 -9.0 107.0
14.0 -9.0 105.0
15.0 -9.0 107.0
16.0 -9.0 107.0
17.0 -9.0 79.0
18.0 -9.0 71.0
19.0 -9.0 92.0
20.0 -9.0 103.0
20.0 -8.0 110.0
19.0 -8.0 99.0
18.0 -8.0 92.0
17.0 -8.0 95.0
16.0 -8.0 103.0
15.0 -8.0 94.0
14.0 -8.0 93.0
13.0 -8.0 92.0
12.0 -8.0 91.0
11.0 -8.0 92.0
10.0 -8.0 95.0
9.0 -8.0 99.0
8.0 -8.0 75.0
7.0 -8.0 78.0
6.0 -8.0 90.0
5.0 -8.0 107.0
4.0 -8.0 105.0
3.0 -8.0 107.0
2.0 -8.0 107.0
1.0 -8.0 110.0
0.0 -8.0 102.0
-1.0 -8.0 100.0
-2.0 -8.0 99.0
-3.0 -8.0 95.0
-4.0 -8.0 80.0
-5.0 -8.0 62.0
-6.0 -8.0 62.0
-7.0 -8.0 61.0
-8.0 -8.0 61.0
-9.0 -8.0 46.0
-10.0 -8.0 65.0
-11.0 -8.0 60.0
-12.0 -8.0 60.0
-13.0 -8.0 62.0
-14.0 -8.0 60.0
-15.0 -8.0 59.0
-16.0 -8.0 58.0
-17.0 -8.0 58.0
-18.0 -8.0 62.0
-19.0 -8.0 60.0
-20.0 -8.0 60.0
-20.0 -7.0 61.0
-19.0 -7.0 61.0
-18.0 -7.0 71.0
-17.0 -7.0 60.0
-16.0 -7.0 61.0
-15.0 -7.0 62.0
-14.0 -7.0 61.0
-13.0 -7.0 61.0
-12.0 -7.0 62.0
-11.0 -7.0 61.0
-10.0 -7.0 62.0
-9.0 -7.0 61.0
-8.0 -7.0 62.0
-7.0 -7.0 62.0
-6.0 -7.0 54.0
-5.0 -7.0 59.0
-4.0 -7.0 61.0
-3.0 -7.0 61.0
-2.0 -7.0 61.0
-1.0 -7.0 59.0
0.0 -7.0 60.0
1.0 -7.0 53.0
2.0 -7.0 60.0
3.0 -7.0 58.0
4.0 -7.0 60.0
5.0 -7.0 60.0
6.0 -7.0 61.0
7.0 -7.0 60.0
8.0 -7.0 75.0
9.0 -7.0 100.0
10.0 -7.0 104.0
11.0 -7.0 105.0
12.0 -7.0 113.0
13.0 -7.0 105.0
14.0 -7.0 107.0
15.0 -7.0 107.0
16.0 -7.0 108.0
17.0 -7.0 107.0
18.0 -7.0 85.0
19.0 -7.0 78.0
20.0 -7.0 103.0
20.0 -6.0 95.0
19.0 -6.0 91.0
18.0 -6.0 93.0
17.0 -6.0 94.0
16.0 -6.0 91.0
15.0 -6.0 94.0
14.0 -6.0 93.0
13.0 -6.0 93.0
12.0 -6.0 96.0
11.0 -6.0 95.0
10.0 -6.0 96.0
9.0 -6.0 103.0
8.0 -6.0 75.0
7.0 -6.0 83.0
6.0 -6.0 100.0
5.0 -6.0 108.0
4.0 -6.0 105.0
3.0 -6.0 107.0
2.0 -6.0 107.0
1.0 -6.0 113.0
0.0 -6.0 105.0
-1.0 -6.0 99.0
-2.0 -6.0 96.0
-3.0 -6.0 95.0
-4.0 -6.0 87.0
-5.0 -6.0 68.0
-6.0 -6.0 61.0
-7.0 -6.0 61.0
-8.0 -6.0 62.0
-9.0 -6.0 46.0
-10.0 -6.0 57.0
-11.0 -6.0 58.0
-12.0 -6.0 59.0
-13.0 -6.0 60.0
-14.0 -6.0 66.0
-15.0 -6.0 59.0
-16.0 -6.0 58.0
-17.0 -6.0 58.0
-18.0 -6.0 60.0
-19.0 -6.0 61.0
-20.0 -6.0 62.0
-20.0 -5.0 61.0
-19.0 -5.0 61.0
-18.0 -5.0 69.0
-17.0 -5.0 62.0
-16.0 -5.0 60.0
-15.0 -5.0 57.0
-14.0 -5.0 54.0
-13.0 -5.0 52.0
-12.0 -5.0 52.0
-11.0 -5.0 55.0
-10.0 -5.0 54.0
-9.0 -5.0 57.0
-8.0 -5.0 50.0
-7.0 -5.0 44.0
-6.0 -5.0 56.0
-5.0 -5.0 48.0
-4.0 -5.0 44.0
-3.0 -5.0 50.0
-2.0 -5.0 52.0
-1.0 -5.0 49.0
0.0 -5.0 43.0
1.0 -5.0 49.0
2.0 -5.0 53.0
3.0 -5.0 39.0
4.0 -5.0 50.0
5.0 -5.0 59.0
6.0 -5.0 51.0
7.0 -5.0 91.0
8.0 -5.0 97.0
9.0 -5.0 99.0
10.0 -5.0 100.0
11.0 -5.0 102.0
12.0 -5.0 105.0
13.0 -5.0 104.0
14.0 -5.0 107.0
15.0 -5.0 107.0
16.0 -5.0 114.0
17.0 -5.0 97.0
18.0 -5.0 85.0
19.0 -5.0 78.0
20.0 -5.0 79.0
20.0 -4.0 90.0
19.0 -4.0 94.0
18.0 -4.0 90.0
17.0 -4.0 80.0
16.0 -4.0 75.0
15.0 -4.0 73.0
14.0 -4.0 73.0
13.0 -4.0 76.0
12.0 -4.0 77.0
11.0 -4.0 91.0
10.0 -4.0 88.0
9.0 -4.0 88.0
8.0 -4.0 83.0
7.0 -4.0 102.0
6.0 -4.0 105.0
5.0 -4.0 105.0
4.0 -4.0 108.0
3.0 -4.0 108.0
2.0 -4.0 104.0
1.0 -4.0 104.0
0.0 -4.0 110.0
-1.0 -4.0 101.0
-2.0 -4.0 97.0
-3.0 -4.0 69.0
-4.0 -4.0 54.0
-5.0 -4.0 54.0
-6.0 -4.0 58.0
-7.0 -4.0 43.0
-8.0 -4.0 24.0
-9.0 -4.0 32.0
-10.0 -4.0 27.0
-11.0 -4.0 27.0
-12.0 -4.0 32.0
-13.0 -4.0 27.0
-14.0 -4.0 26.0
-15.0 -4.0 32.0
-16.0 -4.0 27.0
-17.0 -4.0 32.0
-18.0 -4.0 26.0
-19.0 -4.0 30.0
-20.0 -4.0 25.0
-20.0 -3.0 38.0
-19.0 -3.0 25.0
-18.0 -3.0 27.0
-17.0 -3.0 25.0
-16.0 -3.0 24.0
-15.0 -3.0 21.0
-14.0 -3.0 27.0
-13.0 -3.0 26.0
-12.0 -3.0 24.0
-11.0 -3.0 25.0
-10.0 -3.0 30.0
-9.0 -3.0 35.0
-8.0 -3.0 24.0
-7.0 -3.0 21.0
-6.0 -3.0 24.0
-5.0 -3.0 21.0
-4.0 -3.0 24.0
-3.0 -3.0 25.0
-2.0 -3.0 22.0
-1.0 -3.0 26.0
0.0 -3.0 25.0
1.0 -3.0 24.0
2.0 -3.0 26.0
3.0 -3.0 22.0
4.0 -3.0 22.0
5.0 -3.0 50.0
6.0 -3.0 54.0
7.0 -3.0 61.0
8.0 -3.0 91.0
9.0 -3.0 97.0
10.0 -3.0 102.0
11.0 -3.0 102.0
12.0 -3.0 103.0
13.0 -3.0 104.0
14.0 -3.0 105.0
15.0 -3.0 107.0
16.0 -3.0 105.0
17.0 -3.0 107.0
18.0 -3.0 88.0
19.0 -3.0 87.0
20.0 -3.0 80.0
20.0 -2.0 73.0
19.0 -2.0 74.0
18.0 -2.0 77.0
17.0 -2.0 71.0
16.0 -2.0 71.0
15.0 -2.0 69.0
14.0 -2.0 67.0
13.0 -2.0 61.0
12.0 -2.0 65.0
11.0 -2.0 53.0
10.0 -2.0 67.0
9.0 -2.0 78.0
8.0 -2.0 88.0
7.0 -2.0 103.0
6.0 -2.0 107.0
5.0 -2.0 108.0
4.0 -2.0 108.0
3.0 -2.0 105.0
2.0 -2.0 107.0
1.0 -2.0 107.0
0.0 -2.0 105.0
-1.0 -2.0 104.0
-2.0 -2.0 94.0
-3.0 -2.0 50.0
-4.0 -2.0 53.0
-5.0 -2.0 53.0
-6.0 -2.0 55.0
-7.0 -2.0 19.0
-8.0 -2.0 19.0
-9.0 -2.0 27.0
-10.0 -2.0 25.0
-11.0 -2.0 27.0
-12.0 -2.0 24.0
-13.0 -2.0 24.0
-14.0 -2.0 24.0
-15.0 -2.0 30.0
-16.0 -2.0 24.0
-17.0 -2.0 21.0
-18.0 -2.0 25.0
-19.0 -2.0 27.0
-20.0 -2.0 24.0
-20.0 -1.0 30.0
-19.0 -1.0 25.0
-18.0 -1.0 22.0
-17.0 -1.0 24.0
-16.0 -1.0 26.0
-15.0 -1.0 24.0
-14.0 -1.0 24.0
-13.0 -1.0 26.0
-12.0 -1.0 27.0
-11.0 -1.0 27.0
-10.0 -1.0 25.0
-9.0 -1.0 32.0
-8.0 -1.0 25.0
-7.0 -1.0 26.0
-6.0 -1.0 25.0
-5.0 -1.0 24.0
-4.0 -1.0 27.0
-3.0 -1.0 30.0
-2.0 -1.0 30.0
-1.0 -1.0 24.0
0.0 -1.0 21.0
1.0 -1.0 19.0
2.0 -1.0 22.0
3.0 -1.0 21.0
4.0 -1.0 44.0
5.0 -1.0 53.0
6.0 -1.0 54.0
7.0 -1.0 53.0
8.0 -1.0 54.0
9.0 -1.0 88.0
10.0 -1.0 101.0
11.0 -1.0 103.0
12.0 -1.0 105.0
13.0 -1.0 107.0
14.0 -1.0 102.0
15.0 -1.0 107.0
16.0 -1.0 107.0
17.0 -1.0 115.0
18.0 -1.0 96.0
19.0 -1.0 91.0
20.0 -1.0 71.0
20.0 0.0 55.0
19.0 0.0 46.0
18.0 0.0 53.0
17.0 0.0 58.0
16.0 0.0 59.0
15.0 0.0 56.0
14.0 0.0 49.0
13.0 0.0 52.0
12.0 0.0 52.0
11.0 0.0 50.0
10.0 0.0 56.0
9.0 0.0 60.0
8.0 0.0 85.0
7.0 0.0 90.0
6.0 0.0 103.0
5.0 0.0 102.0
4.0 0.0 101.0
3.0 0.0 99.0
2.0 0.0 99.0
1.0 0.0 100.0
0.0 0.0 96.0
-1.0 0.0 91.0
-2.0 0.0 94.0
-3.0 0.0 88.0
-4.0 0.0 71.0
-5.0 0.0 56.0
-6.0 0.0 55.0
-7.0 0.0 14.0
-8.0 0.0 20.0
-9.0 0.0 24.0
-10.0 0.0 24.0
-11.0 0.0 24.0
-12.0 0.0 26.0
-13.0 0.0 30.0
-14.0 0.0 26.0
-15.0 0.0 27.0
-16.0 0.0 22.0
-17.0 0.0 22.0
-18.0 0.0 25.0
-19.0 0.0 30.0
-20.0 0.0 32.0
-20.0 1.0 22.0
-19.0 1.0 37.0
-18.0 1.0 27.0
-17.0 1.0 24.0
-16.0 1.0 25.0
-15.0 1.0 27.0
-14.0 1.0 24.0
-13.0 1.0 24.0
-12.0 1.0 26.0
-11.0 1.0 26.0
-10.0 1.0 22.0
-9.0 1.0 22.0
-8.0 1.0 26.0
-7.0 1.0 22.0
-6.0 1.0 24.0
-5.0 1.0 24.0
-4.0 1.0 34.0
-3.0 1.0 26.0
-2.0 1.0 24.0
-1.0 1.0 22.0
0.0 1.0 24.0
1.0 1.0 30.0
2.0 1.0 14.0
3.0 1.0 17.0
4.0 1.0 14.0
5.0 1.0 19.0
6.0 1.0 52.0
7.0 1.0 48.0
8.0 1.0 41.0
9.0 1.0 60.0
10.0 1.0 61.0
11.0 1.0 69.0
12.0 1.0 61.0
13.0 1.0 72.0
14.0 1.0 77.0
15.0 1.0 61.0
16.0 1.0 62.0
17.0 1.0 59.0
18.0 1.0 62.0
19.0 1.0 60.0
20.0 1.0 61.0
20.0 2.0 50.0
19.0 2.0 48.0
18.0 2.0 48.0
17.0 2.0 45.0
16.0 2.0 45.0
15.0 2.0 45.0
14.0 2.0 44.0
13.0 2.0 50.0
12.0 2.0 45.0
11.0 2.0 48.0
10.0 2.0 45.0
9.0 2.0 49.0
8.0 2.0 58.0
7.0 2.0 63.0
6.0 2.0 66.0
5.0 2.0 65.0
4.0 2.0 62.0
3.0 2.0 61.0
2.0 2.0 59.0
1.0 2.0 59.0
0.0 2.0 59.0
-1.0 2.0 59.0
-2.0 2.0 52.0
-3.0 2.0 49.0
-4.0 2.0 56.0
-5.0 2.0 46.0
-6.0 2.0 48.0
-7.0 2.0 20.0
-8.0 2.0 16.0
-9.0 2.0 24.0
-10.0 2.0 26.0
-11.0 2.0 27.0
-12.0 2.0 24.0
-13.0 2.0 30.0
-14.0 2.0 21.0
-15.0 2.0 22.0
-16.0 2.0 27.0
-17.0 2.0 22.0
-18.0 2.0 26.0
-19.0 2.0 30.0
-20.0 2.0 27.0
-20.0 3.0 32.0
-19.0 3.0 26.0
-18.0 3.0 25.0
-17.0 3.0 25.0
-16.0 3.0 25.0
-15.0 3.0 21.0
-14.0 3.0 25.0
-13.0 3.0 24.0
-12.0 3.0 22.0
-11.0 3.0 26.0
-10.0 3.0 26.0
-9.0 3.0 21.0
-8.0 3.0 26.0
-7.0 3.0 22.0
-6.0 3.0 24.0
-5.0 3.0 32.0
-4.0 3.0 24.0
-3.0 3.0 26.0
-2.0 3.0 25.0
-1.0 3.0 30.0
0.0 3.0 27.0
1.0 3.0 26.0
2.0 3.0 22.0
3.0 3.0 20.0
4.0 3.0 19.0
5.0 3.0 17.0
6.0 3.0 40.0
7.0 3.0 43.0
8.0 3.0 40.0
9.0 3.0 54.0
10.0 3.0 61.0
11.0 3.0 65.0
12.0 3.0 61.0
13.0 3.0 58.0
14.0 3.0 59.0
15.0 3.0 53.0
16.0 3.0 50.0
17.0 3.0 50.0
18.0 3.0 49.0
19.0 3.0 49.0
20.0 3.0 48.0
20.0 4.0 50.0
19.0 4.0 49.0
18.0 4.0 49.0
17.0 4.0 48.0
16.0 4.0 48.0
15.0 4.0 49.0
14.0 4.0 48.0
13.0 4.0 49.0
12.0 4.0 49.0
11.0 4.0 49.0
10.0 4.0 49.0
9.0 4.0 49.0
8.0 4.0 50.0
7.0 4.0 44.0
6.0 4.0 44.0
5.0 4.0 45.0
4.0 4.0 49.0
3.0 4.0 52.0
2.0 4.0 57.0
1.0 4.0 62.0
0.0 4.0 61.0
-1.0 4.0 66.0
-2.0 4.0 53.0
-3.0 4.0 41.0
-4.0 4.0 39.0
-5.0 4.0 40.0
-6.0 4.0 22.0
-7.0 4.0 14.0
-8.0 4.0 20.0
-9.0 4.0 26.0
-10.0 4.0 30.0
-11.0 4.0 24.0
-12.0 4.0 32.0
-13.0 4.0 26.0
-14.0 4.0 22.0
-15.0 4.0 27.0
-16.0 4.0 26.0
-17.0 4.0 27.0
-18.0 4.0 24.0
-19.0 4.0 26.0
-20.0 4.0 24.0
-20.0 5.0 20.0
-19.0 5.0 22.0
-18.0 5.0 26.0
-17.0 5.0 27.0
-16.0 5.0 24.0
-15.0 5.0 22.0
-14.0 5.0 21.0
-13.0 5.0 25.0
-12.0 5.0 25.0
-11.0 5.0 27.0
-10.0 5.0 21.0
-9.0 5.0 26.0
-8.0 5.0 32.0
-7.0 5.0 22.0
-6.0 5.0 24.0
-5.0 5.0 25.0
-4.0 5.0 27.0
-3.0 5.0 26.0
-2.0 5.0 22.0
-1.0 5.0 26.0
0.0 5.0 27.0
1.0 5.0 21.0
2.0 5.0 22.0
3.0 5.0 21.0
4.0 5.0 30.0
5.0 5.0 32.0
6.0 5.0 30.0
7.0 5.0 36.0
8.0 5.0 38.0
9.0 5.0 50.0
10.0 5.0 56.0
11.0 5.0 61.0
12.0 5.0 60.0
13.0 5.0 53.0
14.0 5.0 53.0
15.0 5.0 51.0
16.0 5.0 51.0
17.0 5.0 45.0
18.0 5.0 49.0
19.0 5.0 58.0
20.0 5.0 50.0
20.0 6.0 51.0
19.0 6.0 49.0
18.0 6.0 49.0
17.0 6.0 46.0
16.0 6.0 48.0
15.0 6.0 48.0
14.0 6.0 48.0
13.0 6.0 46.0
12.0 6.0 48.0
11.0 6.0 48.0
10.0 6.0 48.0
9.0 6.0 54.0
8.0 6.0 48.0
7.0 6.0 46.0
6.0 6.0 44.0
5.0 6.0 46.0
4.0 6.0 46.0
3.0 6.0 45.0
2.0 6.0 46.0
1.0 6.0 43.0
0.0 6.0 37.0
-1.0 6.0 37.0
-2.0 6.0 27.0
-3.0 6.0 26.0
-4.0 6.0 31.0
-5.0 6.0 25.0
-6.0 6.0 31.0
-7.0 6.0 20.0
-8.0 6.0 21.0
-9.0 6.0 24.0
-10.0 6.0 40.0
-11.0 6.0 27.0
-12.0 6.0 27.0
-13.0 6.0 27.0
-14.0 6.0 26.0
-15.0 6.0 25.0
-16.0 6.0 30.0
-17.0 6.0 24.0
-18.0 6.0 24.0
-19.0 6.0 26.0
-20.0 6.0 26.0
-20.0 7.0 21.0
-19.0 7.0 20.0
-18.0 7.0 22.0
-17.0 7.0 30.0
-16.0 7.0 26.0
-15.0 7.0 26.0
-14.0 7.0 27.0
-13.0 7.0 27.0
-12.0 7.0 27.0
-11.0 7.0 30.0
-10.0 7.0 26.0
-9.0 7.0 25.0
-8.0 7.0 26.0
-7.0 7.0 25.0
-6.0 7.0 25.0
-5.0 7.0 26.0
-4.0 7.0 27.0
-3.0 7.0 30.0
-2.0 7.0 25.0
-1.0 7.0 30.0
0.0 7.0 27.0
1.0 7.0 26.0
2.0 7.0 27.0
3.0 7.0 21.0
4.0 7.0 21.0
5.0 7.0 21.0
6.0 7.0 21.0
7.0 7.0 24.0
8.0 7.0 22.0
9.0 7.0 34.0
10.0 7.0 38.0
11.0 7.0 41.0
12.0 7.0 46.0
13.0 7.0 40.0
14.0 7.0 45.0
15.0 7.0 46.0
16.0 7.0 53.0
17.0 7.0 46.0
18.0 7.0 49.0
19.0 7.0 43.0
20.0 7.0 49.0
20.0 8.0 44.0
19.0 8.0 45.0
18.0 8.0 44.0
17.0 8.0 43.0
16.0 8.0 43.0
15.0 8.0 39.0
14.0 8.0 44.0
13.0 8.0 42.0
12.0 8.0 43.0
11.0 8.0 41.0
10.0 8.0 49.0
9.0 8.0 45.0
8.0 8.0 48.0
7.0 8.0 43.0
6.0 8.0 40.0
5.0 8.0 44.0
4.0 8.0 42.0
3.0 8.0 44.0
2.0 8.0 50.0
1.0 8.0 42.0
0.0 8.0 55.0
-1.0 8.0 53.0
-2.0 8.0 31.0
-3.0 8.0 24.0
-4.0 8.0 25.0
-5.0 8.0 25.0
-6.0 8.0 20.0
-7.0 8.0 20.0
-8.0 8.0 17.0
-9.0 8.0 27.0
-10.0 8.0 27.0
-11.0 8.0 27.0
-12.0 8.0 30.0
-13.0 8.0 30.0
-14.0 8.0 27.0
-15.0 8.0 25.0
-16.0 8.0 27.0
-17.0 8.0 26.0
-18.0 8.0 27.0
-19.0 8.0 35.0
-20.0 8.0 27.0
-20.0 9.0 35.0
-19.0 9.0 26.0
-18.0 9.0 26.0
-17.0 9.0 27.0
-16.0 9.0 26.0
-15.0 9.0 26.0
-14.0 9.0 27.0
-13.0 9.0 30.0
-12.0 9.0 27.0
-11.0 9.0 27.0
-10.0 9.0 27.0
-9.0 9.0 27.0
-8.0 9.0 22.0
-7.0 9.0 24.0
-6.0 9.0 27.0
-5.0 9.0 26.0
-4.0 9.0 25.0
-3.0 9.0 26.0
-2.0 9.0 24.0
-1.0 9.0 30.0
0.0 9.0 27.0
1.0 9.0 27.0
2.0 9.0 24.0
3.0 9.0 20.0
4.0 9.0 19.0
5.0 9.0 21.0
6.0 9.0 27.0
7.0 9.0 19.0
8.0 9.0 31.0
9.0 9.0 43.0
10.0 9.0 59.0
11.0 9.0 72.0
12.0 9.0 66.0
13.0 9.0 65.0
14.0 9.0 54.0
15.0 9.0 45.0
16.0 9.0 43.0
17.0 9.0 41.0
18.0 9.0 42.0
19.0 9.0 44.0
20.0 9.0 50.0
20.0 10.0 43.0
19.0 10.0 42.0
18.0 10.0 43.0
17.0 10.0 43.0
16.0 10.0 40.0
15.0 10.0 37.0
14.0 10.0 39.0
13.0 10.0 44.0
12.0 10.0 51.0
11.0 10.0 35.0
10.0 10.0 44.0
9.0 10.0 50.0
8.0 10.0 44.0
7.0 10.0 45.0
6.0 10.0 55.0
5.0 10.0 53.0
4.0 10.0 53.0
3.0 10.0 69.0
2.0 10.0 62.0
1.0 10.0 68.0
0.0 10.0 63.0
-1.0 10.0 43.0
-2.0 10.0 26.0
-3.0 10.0 31.0
-4.0 10.0 21.0
-5.0 10.0 22.0
-6.0 10.0 22.0
-7.0 10.0 25.0
-8.0 10.0 26.0
-9.0 10.0 27.0
-10.0 10.0 25.0
-11.0 10.0 27.0
-12.0 10.0 26.0
-13.0 10.0 30.0
-14.0 10.0 27.0
-15.0 10.0 25.0
-16.0 10.0 27.0
-17.0 10.0 25.0
-18.0 10.0 27.0
-19.0 10.0 31.0
-20.0 10.0 27.0
-20.0 11.0 26.0
-19.0 11.0 27.0
-18.0 11.0 30.0
-17.0 11.0 27.0
-16.0 11.0 27.0
-15.0 11.0 30.0
-14.0 11.0 25.0
-13.0 11.0 27.0
-12.0 11.0 31.0
-11.0 11.0 26.0
-10.0 11.0 27.0
-9.0 11.0 26.0
-8.0 11.0 26.0
-7.0 11.0 27.0
-6.0 11.0 35.0
-5.0 11.0 27.0
-4.0 11.0 26.0
-3.0 11.0 27.0
-2.0 11.0 30.0
-1.0 11.0 27.0
0.0 11.0 27.0
1.0 11.0 31.0
2.0 11.0 35.0
3.0 11.0 27.0
4.0 11.0 21.0
5.0 11.0 17.0
6.0 11.0 19.0
7.0 11.0 25.0
8.0 11.0 42.0
9.0 11.0 50.0
10.0 11.0 45.0
11.0 11.0 53.0
12.0 11.0 70.0
13.0 11.0 65.0
14.0 11.0 59.0
15.0 11.0 42.0
16.0 11.0 39.0
17.0 11.0 51.0
18.0 11.0 51.0
19.0 11.0 46.0
20.0 11.0 40.0
20.0 12.0 41.0
19.0 12.0 46.0
18.0 12.0 44.0
17.0 12.0 46.0
16.0 12.0 48.0
15.0 12.0 38.0
14.0 12.0 41.0
13.0 12.0 42.0
12.0 12.0 51.0
11.0 12.0 46.0
10.0 12.0 45.0
9.0 12.0 38.0
8.0 12.0 53.0
7.0 12.0 49.0
6.0 12.0 58.0
5.0 12.0 53.0
4.0 12.0 59.0
3.0 12.0 63.0
2.0 12.0 65.0
1.0 12.0 60.0
0.0 12.0 49.0
-1.0 12.0 45.0
-2.0 12.0 46.0
-3.0 12.0 26.0
-4.0 12.0 21.0
-5.0 12.0 21.0
-6.0 12.0 21.0
-7.0 12.0 24.0
-8.0 12.0 21.0
-9.0 12.0 30.0
-10.0 12.0 40.0
-11.0 12.0 27.0
-12.0 12.0 30.0
-13.0 12.0 26.0
-14.0 12.0 26.0
-15.0 12.0 27.0
-16.0 12.0 27.0
-17.0 12.0 27.0
-18.0 12.0 26.0
-19.0 12.0 27.0
-20.0 12.0 27.0
-20.0 13.0 30.0
-19.0 13.0 27.0
-18.0 13.0 27.0
-17.0 13.0 30.0
-16.0 13.0 30.0
-15.0 13.0 26.0
-14.0 13.0 31.0
-13.0 13.0 25.0
-12.0 13.0 30.0
-11.0 13.0 25.0
-10.0 13.0 30.0
-9.0 13.0 27.0
-8.0 13.0 30.0
-7.0 13.0 31.0
-6.0 13.0 26.0
-5.0 13.0 30.0
-4.0 13.0 30.0
-3.0 13.0 27.0
-2.0 13.0 26.0
-1.0 13.0 30.0
0.0 13.0 26.0
1.0 13.0 27.0
2.0 13.0 27.0
3.0 13.0 26.0
4.0 13.0 20.0
5.0 13.0 19.0
6.0 13.0 20.0
7.0 13.0 22.0
8.0 13.0 27.0
9.0 13.0 36.0
10.0 13.0 38.0
11.0 13.0 40.0
12.0 13.0 68.0
13.0 13.0 63.0
14.0 13.0 58.0
15.0 13.0 62.0
16.0 13.0 53.0
17.0 13.0 49.0
18.0 13.0 49.0
19.0 13.0 50.0
20.0 13.0 50.0
20.0 14.0 49.0
19.0 14.0 46.0
18.0 14.0 48.0
17.0 14.0 53.0
16.0 14.0 37.0
15.0 14.0 48.0
14.0 14.0 48.0
13.0 14.0 48.0
12.0 14.0 43.0
11.0 14.0 49.0
10.0 14.0 42.0
9.0 14.0 42.0
8.0 14.0 35.0
7.0 14.0 43.0
6.0 14.0 43.0
5.0 14.0 60.0
4.0 14.0 51.0
3.0 14.0 65.0
2.0 14.0 51.0
1.0 14.0 53.0
0.0 14.0 46.0
-1.0 14.0 34.0
-2.0 14.0 21.0
-3.0 14.0 21.0
-4.0 14.0 20.0
-5.0 14.0 22.0
-6.0 14.0 20.0
-7.0 14.0 20.0
-8.0 14.0 24.0
-9.0 14.0 26.0
-10.0 14.0 30.0
-11.0 14.0 26.0
-12.0 14.0 27.0
-13.0 14.0 30.0
-14.0 14.0 30.0
-15.0 14.0 25.0
-16.0 14.0 26.0
-17.0 14.0 27.0
-18.0 14.0 30.0
-19.0 14.0 26.0
-20.0 14.0 26.0
-20.0 15.0 30.0
-19.0 15.0 30.0
-18.0 15.0 34.0
-17.0 15.0 27.0
-16.0 15.0 26.0
-15.0 15.0 30.0
-14.0 15.0 27.0
-13.0 15.0 25.0
-12.0 15.0 26.0
-11.0 15.0 27.0
-10.0 15.0 25.0
-9.0 15.0 24.0
-8.0 15.0 25.0
-7.0 15.0 30.0
-6.0 15.0 27.0
-5.0 15.0 25.0
-4.0 15.0 30.0
-3.0 15.0 30.0
-2.0 15.0 26.0
-1.0 15.0 25.0
0.0 15.0 27.0
1.0 15.0 32.0
2.0 15.0 26.0
3.0 15.0 26.0
4.0 15.0 20.0
5.0 15.0 24.0
6.0 15.0 21.0
7.0 15.0 21.0
8.0 15.0 26.0
9.0 15.0 31.0
10.0 15.0 25.0
11.0 15.0 34.0
12.0 15.0 43.0
13.0 15.0 49.0
14.0 15.0 57.0
15.0 15.0 50.0
16.0 15.0 53.0
17.0 15.0 42.0
18.0 15.0 44.0
19.0 15.0 40.0
20.0 15.0 42.0
20.0 16.0 39.0
19.0 16.0 39.0
18.0 16.0 44.0
17.0 16.0 59.0
16.0 16.0 41.0
15.0 16.0 41.0
14.0 16.0 43.0
13.0 16.0 43.0
12.0 16.0 49.0
11.0 16.0 51.0
10.0 16.0 45.0
9.0 16.0 45.0
8.0 16.0 39.0
7.0 16.0 44.0
6.0 16.0 45.0
5.0 16.0 42.0
4.0 16.0 51.0
3.0 16.0 51.0
2.0 16.0 53.0
1.0 16.0 41.0
0.0 16.0 30.0
-1.0 16.0 34.0
-2.0 16.0 35.0
-3.0 16.0 26.0
-4.0 16.0 22.0
-5.0 16.0 21.0
-6.0 16.0 25.0
-7.0 16.0 20.0
-8.0 16.0 26.0
-9.0 16.0 27.0
-10.0 16.0 30.0
-11.0 16.0 25.0
-12.0 16.0 26.0
-13.0 16.0 30.0
-14.0 16.0 25.0
-15.0 16.0 25.0
-16.0 16.0 26.0
-17.0 16.0 22.0
-18.0 16.0 24.0
-19.0 16.0 25.0
-20.0 16.0 24.0
-20.0 17.0 25.0
-19.0 17.0 24.0
-18.0 17.0 26.0
-17.0 17.0 26.0
-16.0 17.0 25.0
-15.0 17.0 25.0
-14.0 17.0 25.0
-13.0 17.0 30.0
-12.0 17.0 27.0
-11.0 17.0 37.0
-10.0 17.0 30.0
-9.0 17.0 26.0
-8.0 17.0 22.0
-7.0 17.0 26.0
-6.0 17.0 24.0
-5.0 17.0 25.0
-4.0 17.0 27.0
-3.0 17.0 25.0
-2.0 17.0 21.0
-1.0 17.0 26.0
0.0 17.0 25.0
1.0 17.0 24.0
2.0 17.0 24.0
3.0 17.0 25.0
4.0 17.0 24.0
5.0 17.0 19.0
6.0 17.0 21.0
7.0 17.0 21.0
8.0 17.0 22.0
9.0 17.0 30.0
10.0 17.0 40.0
11.0 17.0 34.0
12.0 17.0 30.0
13.0 17.0 35.0
14.0 17.0 40.0
15.0 17.0 48.0
16.0 17.0 43.0
17.0 17.0 37.0
18.0 17.0 42.0
19.0 17.0 42.0
20.0 17.0 39.0
20.0 18.0 42.0
19.0 18.0 46.0
18.0 18.0 42.0
17.0 18.0 42.0
16.0 18.0 37.0
15.0 18.0 41.0
14.0 18.0 44.0
13.0 18.0 39.0
12.0 18.0 35.0
11.0 18.0 40.0
10.0 18.0 37.0
9.0 18.0 37.0
8.0 18.0 0.0
7.0 18.0 42.0
6.0 18.0 40.0
5.0 18.0 52.0
4.0 18.0 42.0
3.0 18.0 46.0
2.0 18.0 52.0
1.0 18.0 35.0
0.0 18.0 24.0
-1.0 18.0 24.0
-2.0 18.0 22.0
-3.0 18.0 22.0
-4.0 18.0 25.0
-5.0 18.0 22.0
-6.0 18.0 20.0
-7.0 18.0 24.0
-8.0 18.0 25.0
-9.0 18.0 21.0
-10.0 18.0 25.0
-11.0 18.0 25.0
-12.0 18.0 25.0
-13.0 18.0 22.0
-14.0 18.0 25.0
-15.0 18.0 21.0
-16.0 18.0 25.0
-17.0 18.0 24.0
-18.0 18.0 25.0
-19.0 18.0 25.0
-20.0 18.0 24.0
-20.0 19.0 26.0
-19.0 19.0 21.0
-18.0 19.0 26.0
-17.0 19.0 20.0
-16.0 19.0 21.0
-15.0 19.0 20.0
-14.0 19.0 24.0
-13.0 19.0 27.0
-12.0 19.0 25.0
-11.0 19.0 22.0
-10.0 19.0 22.0
-9.0 19.0 26.0
-8.0 19.0 22.0
-7.0 19.0 24.0
-6.0 19.0 21.0
-5.0 19.0 22.0
-4.0 19.0 22.0
-3.0 19.0 24.0
-2.0 19.0 22.0
-1.0 19.0 24.0
0.0 19.0 30.0
1.0 19.0 22.0
2.0 19.0 24.0
3.0 19.0 22.0
4.0 19.0 17.0
5.0 19.0 26.0
6.0 19.0 25.0
7.0 19.0 26.0
8.0 19.0 26.0
9.0 19.0 25.0
10.0 19.0 32.0
11.0 19.0 44.0
12.0 19.0 50.0
13.0 19.0 43.0
14.0 19.0 52.0
15.0 19.0 56.0
16.0 19.0 49.0
17.0 19.0 37.0
18.0 19.0 35.0
19.0 19.0 34.0
20.0 19.0 32.0
20.0 20.0 41.0
19.0 20.0 39.0
18.0 20.0 40.0
17.0 20.0 38.0
16.0 20.0 34.0
15.0 20.0 46.0
14.0 20.0 34.0
13.0 20.0 0.0
12.0 20.0 37.0
11.0 20.0 42.0
10.0 20.0 37.0
9.0 20.0 46.0
8.0 20.0 39.0
7.0 20.0 37.0
6.0 20.0 45.0
5.0 20.0 42.0
4.0 20.0 48.0
3.0 20.0 44.0
2.0 20.0 45.0
1.0 20.0 44.0
0.0 20.0 32.0
-1.0 20.0 19.0
-2.0 20.0 19.0
-3.0 20.0 24.0
-4.0 20.0 25.0
-5.0 20.0 21.0
-6.0 20.0 22.0
-7.0 20.0 24.0
-8.0 20.0 20.0
-9.0 20.0 30.0
-10.0 20.0 24.0
-11.0 20.0 25.0
-12.0 20.0 22.0
-13.0 20.0 24.0
-14.0 20.0 25.0
-15.0 20.0 25.0
-16.0 20.0 25.0
-17.0 20.0 22.0
-18.0 20.0 24.0
-19.0 20.0 22.0
-20.0 20.0 35.0
-20.0 21.0 25.0
-19.0 21.0 32.0
-18.0 21.0 26.0
-17.0 21.0 25.0
-16.0 21.0 22.0
-15.0 21.0 24.0
-14.0 21.0 24.0
-13.0 21.0 25.0
-12.0 21.0 27.0
-11.0 21.0 30.0
-10.0 21.0 22.0
-9.0 21.0 24.0
-8.0 21.0 22.0
-7.0 21.0 22.0
-6.0 21.0 24.0
-5.0 21.0 22.0
-4.0 21.0 26.0
-3.0 21.0 25.0
-2.0 21.0 24.0
-1.0 21.0 22.0
0.0 21.0 30.0
1.0 21.0 25.0
2.0 21.0 22.0
3.0 21.0 21.0
4.0 21.0 24.0
5.0 21.0 25.0
6.0 21.0 24.0
7.0 21.0 22.0
8.0 21.0 21.0
9.0 21.0 20.0
10.0 21.0 25.0
11.0 21.0 30.0
12.0 21.0 42.0
13.0 21.0 49.0
14.0 21.0 50.0
15.0 21.0 43.0
16.0 21.0 39.0
17.0 21.0 44.0
18.0 21.0 42.0
19.0 21.0 42.0
20.0 21.0 40.0
