20.0 -20.0 0.0
19.0 -20.0 0.0
18.0 -20.0 0.0
17.0 -20.0 93.0
16.0 -20.0 101.0
15.0 -20.0 80.0
14.0 -20.0 112.0
13.0 -20.0 120.0
12.0 -20.0 123.0
11.0 -20.0 125.0
10.0 -20.0 122.0
9.0 -20.0 122.0
8.0 -20.0 121.0
7.0 -20.0 120.0
6.0 -20.0 121.0
5.0 -20.0 119.0
4.0 -20.0 119.0
3.0 -20.0 119.0
2.0 -20.0 120.0
1.0 -20.0 115.0
0.0 -20.0 122.0
-1.0 -20.0 122.0
-2.0 -20.0 120.0
-3.0 -20.0 122.0
-4.0 -20.0 128.0
-5.0 -20.0 119.0
-6.0 -20.0 120.0
-7.0 -20.0 121.0
-8.0 -20.0 120.0
-9.0 -20.0 99.0
-10.0 -20.0 125.0
-11.0 -20.0 120.0
-12.0 -20.0 121.0
-13.0 -20.0 121.0
-14.0 -20.0 123.0
-15.0 -20.0 115.0
-16.0 -20.0 101.0
-17.0 -20.0 99.0
-18.0 -20.0 105.0
-19.0 -20.0 108.0
-20.0 -20.0 108.0
-20.0 -19.0 125.0
-19.0 -19.0 121.0
-18.0 -19.0 114.0
-17.0 -19.0 114.0
-16.0 -19.0 114.0
-15.0 -19.0 115.0
-14.0 -19.0 114.0
-13.0 -19.0 113.0
-12.0 -19.0 114.0
-11.0 -19.0 110.0
-10.0 -19.0 119.0
-9.0 -19.0 123.0
-8.0 -19.0 107.0
-7.0 -19.0 101.0
-6.0 -19.0 101.0
-5.0 -19.0 107.0
-4.0 -19.0 117.0
-3.0 -19.0 121.0
-2.0 -19.0 119.0
-1.0 -19.0 122.0
0.0 -19.0 120.0
1.0 -19.0 108.0
2.0 -19.0 99.0
3.0 -19.0 114.0
4.0 -19.0 120.0
5.0 -19.0 115.0
6.0 -19.0 119.0
7.0 -19.0 120.0
8.0 -19.0 119.0
9.0 -19.0 117.0
10.0 -19.0 117.0
11.0 -19.0 127.0
12.0 -19.0 117.0
13.0 -19.0 120.0
14.0 -19.0 117.0
15.0 -19.0 121.0
16.0 -19.0 119.0
17.0 -19.0 120.0
18.0 -19.0 121.0
19.0 -19.0 120.0
20.0 -19.0 121.0
20.0 -18.0 122.0
19.0 -18.0 122.0
18.0 -18.0 122.0
17.0 -18.0 123.0
16.0 -18.0 122.0
15.0 -18.0 123.0
14.0 -18.0 122.0
13.0 -18.0 123.0
12.0 -18.0 121.0
11.0 -18.0 120.0
10.0 -18.0 120.0
9.0 -18.0 123.0
8.0 -18.0 121.0
7.0 -18.0 120.0
6.0 -18.0 123.0
5.0 -18.0 120.0
4.0 -18.0 119.0
3.0 -18.0 117.0
2.0 -18.0 120.0
1.0 -18.0 119.0
0.0 -18.0 119.0
-1.0 -18.0 115.0
-2.0 -18.0 119.0
-3.0 -18.0 120.0
-4.0 -18.0 121.0
-5.0 -18.0 126.0
-6.0 -18.0 119.0
-7.0 -18.0 117.0
-8.0 -18.0 121.0
-9.0 -18.0 95.0
-10.0 -18.0 121.0
-11.0 -18.0 121.0
-12.0 -18.0 124.0
-13.0 -18.0 126.0
-14.0 -18.0 122.0
-15.0 -18.0 113.0
-16.0 -18.0 103.0
-17.0 -18.0 103.0
-18.0 -18.0 101.0
-19.0 -18.0 104.0
-20.0 -18.0 105.0
-20.0 -17.0 121.0
-19.0 -17.0 120.0
-18.0 -17.0 117.0
-17.0 -17.0 117.0
-16.0 -17.0 119.0
-15.0 -17.0 115.0
-14.0 -17.0 114.0
-13.0 -17.0 117.0
-12.0 -17.0 115.0
-11.0 -17.0 119.0
-10.0 -17.0 119.0
-9.0 -17.0 122.0
-8.0 -17.0 107.0
-7.0 -17.0 104.0
-6.0 -17.0 120.0
-5.0 -17.0 121.0
-4.0 -17.0 120.0
-3.0 -17.0 121.0
-2.0 -17.0 117.0
-1.0 -17.0 121.0
0.0 -17.0 124.0
1.0 -17.0 115.0
2.0 -17.0 108.0
3.0 -17.0 119.0
4.0 -17.0 117.0
5.0 -17.0 120.0
6.0 -17.0 115.0
7.0 -17.0 119.0
8.0 -17.0 120.0
9.0 -17.0 122.0
10.0 -17.0 115.0
11.0 -17.0 117.0
12.0 -17.0 117.0
13.0 -17.0 119.0
14.0 -17.0 117.0
15.0 -17.0 114.0
16.0 -17.0 120.0
17.0 -17.0 115.0
18.0 -17.0 120.0
19.0 -17.0 122.0
20.0 -17.0 120.0
20.0 -16.0 129.0
19.0 -16.0 121.0
18.0 -16.0 120.0
17.0 -16.0 122.0
16.0 -16.0 122.0
15.0 -16.0 121.0
14.0 -16.0 120.0
13.0 -16.0 120.0
12.0 -16.0 122.0
11.0 -16.0 122.0
10.0 -16.0 122.0
9.0 -16.0 128.0
8.0 -16.0 121.0
7.0 -16.0 121.0
6.0 -16.0 119.0
5.0 -16.0 117.0
4.0 -16.0 120.0
3.0 -16.0 117.0
2.0 -16.0 119.0
1.0 -16.0 120.0
0.0 -16.0 117.0
-1.0 -16.0 120.0
-2.0 -16.0 117.0
-3.0 -16.0 120.0
-4.0 -16.0 120.0
-5.0 -16.0 115.0
-6.0 -16.0 126.0
-7.0 -16.0 119.0
-8.0 -16.0 117.0
-9.0 -16.0 110.0
-10.0 -16.0 104.0
-11.0 -16.0 120.0
-12.0 -16.0 124.0
-13.0 -16.0 120.0
-14.0 -16.0 119.0
-15.0 -16.0 105.0
-16.0 -16.0 103.0
-17.0 -16.0 102.0
-18.0 -16.0 102.0
-19.0 -16.0 104.0
-20.0 -16.0 108.0
-20.0 -15.0 121.0
-19.0 -15.0 119.0
-18.0 -15.0 114.0
-17.0 -15.0 119.0
-16.0 -15.0 113.0
-15.0 -15.0 112.0
-14.0 -15.0 113.0
-13.0 -15.0 113.0
-12.0 -15.0 115.0
-11.0 -15.0 115.0
-10.0 -15.0 120.0
-9.0 -15.0 105.0
-8.0 -15.0 104.0
-7.0 -15.0 99.0
-6.0 -15.0 101.0
-5.0 -15.0 99.0
-4.0 -15.0 104.0
-3.0 -15.0 101.0
-2.0 -15.0 120.0
-1.0 -15.0 119.0
0.0 -15.0 100.0
1.0 -15.0 117.0
2.0 -15.0 115.0
3.0 -15.0 119.0
4.0 -15.0 115.0
5.0 -15.0 117.0
6.0 -15.0 119.0
7.0 -15.0 117.0
8.0 -15.0 117.0
9.0 -15.0 114.0
10.0 -15.0 117.0
11.0 -15.0 120.0
12.0 -15.0 126.0
13.0 -15.0 117.0
14.0 -15.0 120.0
15.0 -15.0 120.0
16.0 -15.0 120.0
17.0 -15.0 120.0
18.0 -15.0 120.0
19.0 -15.0 117.0
20.0 -15.0 121.0
20.0 -14.0 127.0
19.0 -14.0 121.0
18.0 -14.0 121.0
17.0 -14.0 122.0
16.0 -14.0 120.0
15.0 -14.0 121.0
14.0 -14.0 120.0
13.0 -14.0 122.0
12.0 -14.0 120.0
11.0 -14.0 120.0
10.0 -14.0 120.0
9.0 -14.0 119.0
8.0 -14.0 120.0
7.0 -14.0 120.0
6.0 -14.0 119.0
5.0 -14.0 117.0
4.0 -14.0 117.0
3.0 -14.0 119.0
2.0 -14.0 114.0
1.0 -14.0 127.0
0.0 -14.0 120.0
-1.0 -14.0 119.0
-2.0 -14.0 117.0
-3.0 -14.0 115.0
-4.0 -14.0 119.0
-5.0 -14.0 117.0
-6.0 -14.0 120.0
-7.0 -14.0 117.0
-8.0 -14.0 117.0
-9.0 -14.0 117.0
-10.0 -14.0 101.0
-11.0 -14.0 122.0
-12.0 -14.0 120.0
-13.0 -14.0 121.0
-14.0 -14.0 128.0
-15.0 -14.0 117.0
-16.0 -14.0 100.0
-17.0 -14.0 104.0
-18.0 -14.0 107.0
-19.0 -14.0 107.0
-20.0 -14.0 108.0
-20.0 -13.0 122.0
-19.0 -13.0 121.0
-18.0 -13.0 119.0
-17.0 -13.0 119.0
-16.0 -13.0 117.0
-15.0 -13.0 115.0
-14.0 -13.0 119.0
-13.0 -13.0 115.0
-12.0 -13.0 113.0
-11.0 -13.0 117.0
-10.0 -13.0 126.0
-9.0 -13.0 114.0
-8.0 -13.0 104.0
-7.0 -13.0 99.0
-6.0 -13.0 105.0
-5.0 -13.0 102.0
-4.0 -13.0 103.0
-3.0 -13.0 112.0
-2.0 -13.0 120.0
-1.0 -13.0 124.0
0.0 -13.0 121.0
1.0 -13.0 109.0
2.0 -13.0 114.0
3.0 -13.0 117.0
4.0 -13.0 122.0
5.0 -13.0 128.0
6.0 -13.0 117.0
7.0 -13.0 121.0
8.0 -13.0 121.0
9.0 -13.0 114.0
10.0 -13.0 115.0
11.0 -13.0 117.0
12.0 -13.0 114.0
13.0 -13.0 119.0
14.0 -13.0 120.0
15.0 -13.0 119.0
16.0 -13.0 123.0
17.0 -13.0 120.0
18.0 -13.0 121.0
19.0 -13.0 121.0
20.0 -13.0 121.0
20.0 -12.0 120.0
19.0 -12.0 123.0
18.0 -12.0 124.0
17.0 -12.0 122.0
16.0 -12.0 122.0
15.0 -12.0 123.0
14.0 -12.0 121.0
13.0 -12.0 122.0
12.0 -12.0 129.0
11.0 -12.0 121.0
10.0 -12.0 123.0
9.0 -12.0 121.0
8.0 -12.0 121.0
7.0 -12.0 121.0
6.0 -12.0 119.0
5.0 -12.0 121.0
4.0 -12.0 120.0
3.0 -12.0 120.0
2.0 -12.0 121.0
1.0 -12.0 115.0
0.0 -12.0 119.0
-1.0 -12.0 117.0
-2.0 -12.0 120.0
-3.0 -12.0 125.0
-4.0 -12.0 121.0
-5.0 -12.0 115.0
-6.0 -12.0 120.0
-7.0 -12.0 119.0
-8.0 -12.0 122.0
-9.0 -12.0 108.0
-10.0 -12.0 115.0
-11.0 -12.0 122.0
-12.0 -12.0 123.0
-13.0 -12.0 119.0
-14.0 -12.0 120.0
-15.0 -12.0 112.0
-16.0 -12.0 105.0
-17.0 -12.0 105.0
-18.0 -12.0 109.0
-19.0 -12.0 103.0
-20.0 -12.0 102.0
-20.0 -11.0 124.0
-19.0 -11.0 119.0
-18.0 -11.0 115.0
-17.0 -11.0 121.0
-16.0 -11.0 114.0
-15.0 -11.0 115.0
-14.0 -11.0 115.0
-13.0 -11.0 115.0
-12.0 -11.0 112.0
-11.0 -11.0 120.0
-10.0 -11.0 123.0
-9.0 -11.0 105.0
-8.0 -11.0 109.0
-7.0 -11.0 103.0
-6.0 -11.0 103.0
-5.0 -11.0 100.0
-4.0 -11.0 101.0
-3.0 -11.0 114.0
-2.0 -11.0 120.0
-1.0 -11.0 120.0
0.0 -11.0 121.0
1.0 -11.0 101.0
2.0 -11.0 120.0
3.0 -11.0 120.0
4.0 -11.0 120.0
5.0 -11.0 124.0
6.0 -11.0 121.0
7.0 -11.0 119.0
8.0 -11.0 120.0
9.0 -11.0 115.0
10.0 -11.0 115.0
11.0 -11.0 119.0
12.0 -11.0 113.0
13.0 -11.0 121.0
14.0 -11.0 119.0
15.0 -11.0 121.0
16.0 -11.0 115.0
17.0 -11.0 120.0
18.0 -11.0 120.0
19.0 -11.0 122.0
20.0 -11.0 129.0
20.0 -10.0 123.0
19.0 -10.0 129.0
18.0 -10.0 121.0
17.0 -10.0 123.0
16.0 -10.0 121.0
15.0 -10.0 123.0
14.0 -10.0 123.0
13.0 -10.0 121.0
12.0 -10.0 123.0
11.0 -10.0 126.0
10.0 -10.0 123.0
9.0 -10.0 120.0
8.0 -10.0 121.0
7.0 -10.0 121.0
6.0 -10.0 119.0
5.0 -10.0 121.0
4.0 -10.0 120.0
3.0 -10.0 121.0
2.0 -10.0 120.0
1.0 -10.0 120.0
0.0 -10.0 121.0
-1.0 -10.0 121.0
-2.0 -10.0 119.0
-3.0 -10.0 117.0
-4.0 -10.0 101.0
-5.0 -10.0 112.0
-6.0 -10.0 119.0
-7.0 -10.0 119.0
-8.0 -10.0 120.0
-9.0 -10.0 113.0
-10.0 -10.0 109.0
-11.0 -10.0 117.0
-12.0 -10.0 123.0
-13.0 -10.0 121.0
-14.0 -10.0 122.0
-15.0 -10.0 117.0
-16.0 -10.0 104.0
-17.0 -10.0 103.0
-18.0 -10.0 105.0
-19.0 -10.0 105.0
-20.0 -10.0 108.0
-20.0 -9.0 122.0
-19.0 -9.0 123.0
-18.0 -9.0 119.0
-17.0 -9.0 114.0
-16.0 -9.0 114.0
-15.0 -9.0 115.0
-14.0 -9.0 120.0
-13.0 -9.0 114.0
-12.0 -9.0 114.0
-11.0 -9.0 120.0
-10.0 -9.0 122.0
-9.0 -9.0 108.0
-8.0 -9.0 103.0
-7.0 -9.0 103.0
-6.0 -9.0 102.0
-5.0 -9.0 101.0
-4.0 -9.0 104.0
-3.0 -9.0 120.0
-2.0 -9.0 123.0
-1.0 -9.0 121.0
0.0 -9.0 109.0
1.0 -9.0 109.0
2.0 -9.0 115.0
3.0 -9.0 121.0
4.0 -9.0 117.0
5.0 -9.0 120.0
6.0 -9.0 109.0
7.0 -9.0 107.0
8.0 -9.0 121.0
9.0 -9.0 117.0
10.0 -9.0 119.0
11.0 -9.0 120.0
12.0 -9.0 121.0
13.0 -9.0 121.0
14.0 -9.0 120.0
15.0 -9.0 120.0
16.0 -9.0 121.0
17.0 -9.0 121.0
18.0 -9.0 120.0
19.0 -9.0 121.0
20.0 -9.0 121.0
20.0 -8.0 121.0
19.0 -8.0 122.0
18.0 -8.0 121.0
17.0 -8.0 123.0
16.0 -8.0 123.0
15.0 -8.0 123.0
14.0 -8.0 123.0
13.0 -8.0 121.0
12.0 -8.0 123.0
11.0 -8.0 123.0
10.0 -8.0 122.0
9.0 -8.0 121.0
8.0 -8.0 120.0
7.0 -8.0 121.0
6.0 -8.0 120.0
5.0 -8.0 119.0
4.0 -8.0 117.0
3.0 -8.0 119.0
2.0 -8.0 120.0
1.0 -8.0 121.0
0.0 -8.0 124.0
-1.0 -8.0 119.0
-2.0 -8.0 104.0
-3.0 -8.0 93.0
-4.0 -8.0 85.0
-5.0 -8.0 88.0
-6.0 -8.0 91.0
-7.0 -8.0 117.0
-8.0 -8.0 104.0
-9.0 -8.0 85.0
-10.0 -8.0 92.0
-11.0 -8.0 102.0
-12.0 -8.0 120.0
-13.0 -8.0 122.0
-14.0 -8.0 120.0
-15.0 -8.0 119.0
-16.0 -8.0 101.0
-17.0 -8.0 100.0
-18.0 -8.0 101.0
-19.0 -8.0 107.0
-20.0 -8.0 113.0
-20.0 -7.0 121.0
-19.0 -7.0 122.0
-18.0 -7.0 122.0
-17.0 -7.0 121.0
-16.0 -7.0 114.0
-15.0 -7.0 119.0
-14.0 -7.0 114.0
-13.0 -7.0 115.0
-12.0 -7.0 119.0
-11.0 -7.0 117.0
-10.0 -7.0 120.0
-9.0 -7.0 121.0
-8.0 -7.0 107.0
-7.0 -7.0 105.0
-6.0 -7.0 104.0
-5.0 -7.0 108.0
-4.0 -7.0 114.0
-3.0 -7.0 121.0
-2.0 -7.0 122.0
-1.0 -7.0 121.0
0.0 -7.0 112.0
1.0 -7.0 91.0
2.0 -7.0 75.0
3.0 -7.0 85.0
4.0 -7.0 89.0
5.0 -7.0 89.0
6.0 -7.0 91.0
7.0 -7.0 79.0
8.0 -7.0 92.0
9.0 -7.0 109.0
10.0 -7.0 120.0
11.0 -7.0 120.0
12.0 -7.0 120.0
13.0 -7.0 119.0
14.0 -7.0 120.0
15.0 -7.0 119.0
16.0 -7.0 124.0
17.0 -7.0 120.0
18.0 -7.0 119.0
19.0 -7.0 121.0
20.0 -7.0 120.0
20.0 -6.0 122.0
19.0 -6.0 121.0
18.0 -6.0 123.0
17.0 -6.0 121.0
16.0 -6.0 121.0
15.0 -6.0 123.0
14.0 -6.0 123.0
13.0 -6.0 121.0
12.0 -6.0 130.0
11.0 -6.0 122.0
10.0 -6.0 122.0
9.0 -6.0 120.0
8.0 -6.0 122.0
7.0 -6.0 119.0
6.0 -6.0 119.0
5.0 -6.0 117.0
4.0 -6.0 121.0
3.0 -6.0 117.0
2.0 -6.0 120.0
1.0 -6.0 124.0
0.0 -6.0 120.0
-1.0 -6.0 117.0
-2.0 -6.0 115.0
-3.0 -6.0 103.0
-4.0 -6.0 75.0
-5.0 -6.0 84.0
-6.0 -6.0 72.0
-7.0 -6.0 72.0
-8.0 -6.0 79.0
-9.0 -6.0 86.0
-10.0 -6.0 99.0
-11.0 -6.0 120.0
-12.0 -6.0 123.0
-13.0 -6.0 121.0
-14.0 -6.0 121.0
-15.0 -6.0 120.0
-16.0 -6.0 107.0
-17.0 -6.0 100.0
-18.0 -6.0 103.0
-19.0 -6.0 104.0
-20.0 -6.0 108.0
-20.0 -5.0 122.0
-19.0 -5.0 115.0
-18.0 -5.0 117.0
-17.0 -5.0 117.0
-16.0 -5.0 113.0
-15.0 -5.0 117.0
-14.0 -5.0 120.0
-13.0 -5.0 114.0
-12.0 -5.0 121.0
-11.0 -5.0 119.0
-10.0 -5.0 119.0
-9.0 -5.0 123.0
-8.0 -5.0 107.0
-7.0 -5.0 103.0
-6.0 -5.0 100.0
-5.0 -5.0 103.0
-4.0 -5.0 105.0
-3.0 -5.0 112.0
-2.0 -5.0 122.0
-1.0 -5.0 122.0
0.0 -5.0 113.0
1.0 -5.0 84.0
2.0 -5.0 76.0
3.0 -5.0 70.0
4.0 -5.0 72.0
5.0 -5.0 79.0
6.0 -5.0 84.0
7.0 -5.0 107.0
8.0 -5.0 114.0
9.0 -5.0 119.0
10.0 -5.0 117.0
11.0 -5.0 128.0
12.0 -5.0 117.0
13.0 -5.0 120.0
14.0 -5.0 120.0
15.0 -5.0 117.0
16.0 -5.0 121.0
17.0 -5.0 119.0
18.0 -5.0 117.0
19.0 -5.0 124.0
20.0 -5.0 120.0
20.0 -4.0 121.0
19.0 -4.0 121.0
18.0 -4.0 123.0
17.0 -4.0 122.0
16.0 -4.0 123.0
15.0 -4.0 123.0
14.0 -4.0 123.0
13.0 -4.0 122.0
12.0 -4.0 122.0
11.0 -4.0 123.0
10.0 -4.0 123.0
9.0 -4.0 130.0
8.0 -4.0 119.0
7.0 -4.0 120.0
6.0 -4.0 115.0
5.0 -4.0 117.0
4.0 -4.0 115.0
3.0 -4.0 117.0
2.0 -4.0 117.0
1.0 -4.0 115.0
0.0 -4.0 120.0
-1.0 -4.0 117.0
-2.0 -4.0 117.0
-3.0 -4.0 114.0
-4.0 -4.0 113.0
-5.0 -4.0 109.0
-6.0 -4.0 79.0
-7.0 -4.0 107.0
-8.0 -4.0 109.0
-9.0 -4.0 86.0
-10.0 -4.0 91.0
-11.0 -4.0 121.0
-12.0 -4.0 121.0
-13.0 -4.0 122.0
-14.0 -4.0 121.0
-15.0 -4.0 122.0
-16.0 -4.0 105.0
-17.0 -4.0 108.0
-18.0 -4.0 104.0
-19.0 -4.0 107.0
-20.0 -4.0 107.0
-20.0 -3.0 123.0
-19.0 -3.0 122.0
-18.0 -3.0 121.0
-17.0 -3.0 120.0
-16.0 -3.0 112.0
-15.0 -3.0 119.0
-14.0 -3.0 123.0
-13.0 -3.0 120.0
-12.0 -3.0 115.0
-11.0 -3.0 117.0
-10.0 -3.0 121.0
-9.0 -3.0 124.0
-8.0 -3.0 105.0
-7.0 -3.0 101.0
-6.0 -3.0 99.0
-5.0 -3.0 104.0
-4.0 -3.0 108.0
-3.0 -3.0 108.0
-2.0 -3.0 119.0
-1.0 -3.0 129.0
0.0 -3.0 112.0
1.0 -3.0 96.0
2.0 -3.0 119.0
3.0 -3.0 120.0
4.0 -3.0 117.0
5.0 -3.0 121.0
6.0 -3.0 95.0
7.0 -3.0 119.0
8.0 -3.0 120.0
9.0 -3.0 117.0
10.0 -3.0 117.0
11.0 -3.0 127.0
12.0 -3.0 117.0
13.0 -3.0 119.0
14.0 -3.0 119.0
15.0 -3.0 123.0
16.0 -3.0 119.0
17.0 -3.0 120.0
18.0 -3.0 120.0
19.0 -3.0 120.0
20.0 -3.0 123.0
20.0 -2.0 117.0
19.0 -2.0 113.0
18.0 -2.0 115.0
17.0 -2.0 112.0
16.0 -2.0 112.0
15.0 -2.0 108.0
14.0 -2.0 112.0
13.0 -2.0 112.0
12.0 -2.0 112.0
11.0 -2.0 113.0
10.0 -2.0 109.0
9.0 -2.0 115.0
8.0 -2.0 115.0
7.0 -2.0 117.0
6.0 -2.0 115.0
5.0 -2.0 117.0
4.0 -2.0 119.0
3.0 -2.0 114.0
2.0 -2.0 115.0
1.0 -2.0 117.0
0.0 -2.0 117.0
-1.0 -2.0 119.0
-2.0 -2.0 128.0
-3.0 -2.0 114.0
-4.0 -2.0 119.0
-5.0 -2.0 102.0
-6.0 -2.0 91.0
-7.0 -2.0 119.0
-8.0 -2.0 122.0
-9.0 -2.0 120.0
-10.0 -2.0 100.0
-11.0 -2.0 120.0
-12.0 -2.0 121.0
-13.0 -2.0 123.0
-14.0 -2.0 124.0
-15.0 -2.0 120.0
-16.0 -2.0 105.0
-17.0 -2.0 101.0
-18.0 -2.0 103.0
-19.0 -2.0 101.0
-20.0 -2.0 102.0
-20.0 -1.0 121.0
-19.0 -1.0 115.0
-18.0 -1.0 115.0
-17.0 -1.0 109.0
-16.0 -1.0 103.0
-15.0 -1.0 101.0
-14.0 -1.0 100.0
-13.0 -1.0 93.0
-12.0 -1.0 99.0
-11.0 -1.0 100.0
-10.0 -1.0 99.0
-9.0 -1.0 93.0
-8.0 -1.0 91.0
-7.0 -1.0 96.0
-6.0 -1.0 96.0
-5.0 -1.0 90.0
-4.0 -1.0 93.0
-3.0 -1.0 110.0
-2.0 -1.0 114.0
-1.0 -1.0 114.0
0.0 -1.0 119.0
1.0 -1.0 92.0
2.0 -1.0 90.0
3.0 -1.0 96.0
4.0 -1.0 107.0
5.0 -1.0 96.0
6.0 -1.0 80.0
7.0 -1.0 92.0
8.0 -1.0 100.0
9.0 -1.0 108.0
10.0 -1.0 103.0
11.0 -1.0 104.0
12.0 -1.0 102.0
13.0 -1.0 103.0
14.0 -1.0 102.0
15.0 -1.0 102.0
16.0 -1.0 104.0
17.0 -1.0 103.0
18.0 -1.0 102.0
19.0 -1.0 102.0
20.0 -1.0 90.0
20.0 0.0 82.0
19.0 0.0 76.0
18.0 0.0 82.0
17.0 0.0 72.0
16.0 0.0 77.0
15.0 0.0 73.0
14.0 0.0 76.0
13.0 0.0 74.0
12.0 0.0 74.0
11.0 0.0 78.0
10.0 0.0 85.0
9.0 0.0 87.0
8.0 0.0 97.0
7.0 0.0 100.0
6.0 0.0 103.0
5.0 0.0 100.0
4.0 0.0 103.0
3.0 0.0 101.0
2.0 0.0 100.0
1.0 0.0 105.0
0.0 0.0 107.0
-1.0 0.0 102.0
-2.0 0.0 99.0
-3.0 0.0 97.0
-4.0 0.0 93.0
-5.0 0.0 79.0
-6.0 0.0 87.0
-7.0 0.0 91.0
-8.0 0.0 88.0
-9.0 0.0 83.0
-10.0 0.0 100.0
-11.0 0.0 107.0
-12.0 0.0 110.0
-13.0 0.0 105.0
-14.0 0.0 97.0
-15.0 0.0 90.0
-16.0 0.0 87.0
-17.0 0.0 88.0
-18.0 0.0 86.0
-19.0 0.0 86.0
-20.0 0.0 88.0
-20.0 1.0 95.0
-19.0 1.0 92.0
-18.0 1.0 90.0
-17.0 1.0 86.0
-16.0 1.0 74.0
-15.0 1.0 71.0
-14.0 1.0 75.0
-13.0 1.0 72.0
-12.0 1.0 76.0
-11.0 1.0 77.0
-10.0 1.0 74.0
-9.0 1.0 74.0
-8.0 1.0 68.0
-7.0 1.0 69.0
-6.0 1.0 76.0
-5.0 1.0 73.0
-4.0 1.0 76.0
-3.0 1.0 77.0
-2.0 1.0 78.0
-1.0 1.0 92.0
0.0 1.0 90.0
1.0 1.0 63.0
2.0 1.0 71.0
3.0 1.0 71.0
4.0 1.0 71.0
5.0 1.0 71.0
6.0 1.0 69.0
7.0 1.0 77.0
8.0 1.0 82.0
9.0 1.0 90.0
10.0 1.0 91.0
11.0 1.0 97.0
12.0 1.0 93.0
13.0 1.0 94.0
14.0 1.0 99.0
15.0 1.0 93.0
16.0 1.0 94.0
17.0 1.0 91.0
18.0 1.0 95.0
19.0 1.0 99.0
20.0 1.0 99.0
20.0 2.0 97.0
19.0 2.0 95.0
18.0 2.0 94.0
17.0 2.0 99.0
16.0 2.0 92.0
15.0 2.0 96.0
14.0 2.0 92.0
13.0 2.0 94.0
12.0 2.0 95.0
11.0 2.0 100.0
10.0 2.0 94.0
9.0 2.0 93.0
8.0 2.0 95.0
7.0 2.0 100.0
6.0 2.0 99.0
5.0 2.0 93.0
4.0 2.0 92.0
3.0 2.0 100.0
2.0 2.0 102.0
1.0 2.0 94.0
0.0 2.0 97.0
-1.0 2.0 94.0
-2.0 2.0 92.0
-3.0 2.0 80.0
-4.0 2.0 71.0
-5.0 2.0 52.0
-6.0 2.0 69.0
-7.0 2.0 68.0
-8.0 2.0 58.0
-9.0 2.0 67.0
-10.0 2.0 62.0
-11.0 2.0 82.0
-12.0 2.0 94.0
-13.0 2.0 90.0
-14.0 2.0 76.0
-15.0 2.0 72.0
-16.0 2.0 66.0
-17.0 2.0 66.0
-18.0 2.0 69.0
-19.0 2.0 72.0
-20.0 2.0 69.0
-20.0 3.0 80.0
-19.0 3.0 74.0
-18.0 3.0 72.0
-17.0 3.0 74.0
-16.0 3.0 73.0
-15.0 3.0 74.0
-14.0 3.0 69.0
-13.0 3.0 71.0
-12.0 3.0 74.0
-11.0 3.0 69.0
-10.0 3.0 78.0
-9.0 3.0 66.0
-8.0 3.0 71.0
-7.0 3.0 66.0
-6.0 3.0 69.0
-5.0 3.0 79.0
-4.0 3.0 73.0
-3.0 3.0 69.0
-2.0 3.0 84.0
-1.0 3.0 92.0
0.0 3.0 88.0
1.0 3.0 73.0
2.0 3.0 65.0
3.0 3.0 62.0
4.0 3.0 65.0
5.0 3.0 75.0
6.0 3.0 63.0
7.0 3.0 78.0
8.0 3.0 87.0
9.0 3.0 93.0
10.0 3.0 90.0
11.0 3.0 92.0
12.0 3.0 100.0
13.0 3.0 94.0
14.0 3.0 94.0
15.0 3.0 96.0
16.0 3.0 100.0
17.0 3.0 96.0
18.0 3.0 101.0
19.0 3.0 97.0
20.0 3.0 102.0
20.0 4.0 95.0
19.0 4.0 101.0
18.0 4.0 95.0
17.0 4.0 105.0
16.0 4.0 101.0
15.0 4.0 105.0
14.0 4.0 94.0
13.0 4.0 100.0
12.0 4.0 101.0
11.0 4.0 102.0
10.0 4.0 97.0
9.0 4.0 102.0
8.0 4.0 99.0
7.0 4.0 95.0
6.0 4.0 99.0
5.0 4.0 93.0
4.0 4.0 100.0
3.0 4.0 101.0
2.0 4.0 104.0
1.0 4.0 97.0
0.0 4.0 96.0
-1.0 4.0 93.0
-2.0 4.0 94.0
-3.0 4.0 84.0
-4.0 4.0 75.0
-5.0 4.0 66.0
-6.0 4.0 63.0
-7.0 4.0 53.0
-8.0 4.0 54.0
-9.0 4.0 71.0
-10.0 4.0 88.0
-11.0 4.0 91.0
-12.0 4.0 95.0
-13.0 4.0 96.0
-14.0 4.0 99.0
-15.0 4.0 87.0
-16.0 4.0 74.0
-17.0 4.0 75.0
-18.0 4.0 76.0
-19.0 4.0 69.0
-20.0 4.0 73.0
-20.0 5.0 74.0
-19.0 5.0 83.0
-18.0 5.0 77.0
-17.0 5.0 77.0
-16.0 5.0 69.0
-15.0 5.0 80.0
-14.0 5.0 80.0
-13.0 5.0 74.0
-12.0 5.0 68.0
-11.0 5.0 72.0
-10.0 5.0 72.0
-9.0 5.0 69.0
-8.0 5.0 74.0
-7.0 5.0 71.0
-6.0 5.0 72.0
-5.0 5.0 71.0
-4.0 5.0 74.0
-3.0 5.0 90.0
-2.0 5.0 100.0
-1.0 5.0 90.0
0.0 5.0 73.0
1.0 5.0 71.0
2.0 5.0 69.0
3.0 5.0 69.0
4.0 5.0 68.0
5.0 5.0 77.0
6.0 5.0 76.0
7.0 5.0 85.0
8.0 5.0 88.0
9.0 5.0 88.0
10.0 5.0 87.0
11.0 5.0 97.0
12.0 5.0 102.0
13.0 5.0 96.0
14.0 5.0 100.0
15.0 5.0 94.0
16.0 5.0 100.0
17.0 5.0 100.0
18.0 5.0 102.0
19.0 5.0 101.0
20.0 5.0 102.0
20.0 6.0 93.0
19.0 6.0 95.0
18.0 6.0 104.0
17.0 6.0 100.0
16.0 6.0 107.0
15.0 6.0 95.0
14.0 6.0 97.0
13.0 6.0 103.0
12.0 6.0 102.0
11.0 6.0 103.0
10.0 6.0 97.0
9.0 6.0 96.0
8.0 6.0 100.0
7.0 6.0 97.0
6.0 6.0 103.0
5.0 6.0 102.0
4.0 6.0 95.0
3.0 6.0 103.0
2.0 6.0 104.0
1.0 6.0 100.0
0.0 6.0 93.0
-1.0 6.0 83.0
-2.0 6.0 87.0
-3.0 6.0 83.0
-4.0 6.0 77.0
-5.0 6.0 74.0
-6.0 6.0 82.0
-7.0 6.0 0.0
-8.0 6.0 84.0
-9.0 6.0 90.0
-10.0 6.0 88.0
-11.0 6.0 86.0
-12.0 6.0 108.0
-13.0 6.0 90.0
-14.0 6.0 96.0
-15.0 6.0 78.0
-16.0 6.0 79.0
-17.0 6.0 71.0
-18.0 6.0 75.0
-19.0 6.0 72.0
-20.0 6.0 76.0
-20.0 7.0 77.0
-19.0 7.0 71.0
-18.0 7.0 78.0
-17.0 7.0 72.0
-16.0 7.0 0.0
-15.0 7.0 69.0
-14.0 7.0 72.0
-13.0 7.0 73.0
-12.0 7.0 0.0
-11.0 7.0 74.0
-10.0 7.0 71.0
-9.0 7.0 73.0
-8.0 7.0 77.0
-7.0 7.0 80.0
-6.0 7.0 0.0
-5.0 7.0 87.0
-4.0 7.0 96.0
-3.0 7.0 101.0
-2.0 7.0 97.0
-1.0 7.0 90.0
0.0 7.0 100.0
1.0 7.0 95.0
2.0 7.0 82.0
3.0 7.0 84.0
4.0 7.0 84.0
5.0 7.0 86.0
6.0 7.0 88.0
7.0 7.0 0.0
8.0 7.0 82.0
9.0 7.0 88.0
10.0 7.0 97.0
11.0 7.0 100.0
12.0 7.0 102.0
13.0 7.0 100.0
14.0 7.0 95.0
15.0 7.0 100.0
16.0 7.0 102.0
17.0 7.0 108.0
18.0 7.0 108.0
19.0 7.0 97.0
20.0 7.0 97.0
20.0 8.0 105.0
19.0 8.0 101.0
18.0 8.0 97.0
17.0 8.0 88.0
16.0 8.0 99.0
15.0 8.0 90.0
14.0 8.0 101.0
13.0 8.0 94.0
12.0 8.0 94.0
11.0 8.0 105.0
10.0 8.0 97.0
9.0 8.0 97.0
8.0 8.0 103.0
7.0 8.0 100.0
6.0 8.0 102.0
5.0 8.0 99.0
4.0 8.0 103.0
3.0 8.0 105.0
2.0 8.0 103.0
1.0 8.0 100.0
0.0 8.0 108.0
-1.0 8.0 99.0
-2.0 8.0 86.0
-3.0 8.0 90.0
-4.0 8.0 94.0
-5.0 8.0 88.0
-6.0 8.0 77.0
-7.0 8.0 79.0
-8.0 8.0 0.0
-9.0 8.0 88.0
-10.0 8.0 94.0
-11.0 8.0 97.0
-12.0 8.0 102.0
-13.0 8.0 91.0
-14.0 8.0 0.0
-15.0 8.0 0.0
-16.0 8.0 0.0
-17.0 8.0 0.0
-18.0 8.0 0.0
-19.0 8.0 0.0
-20.0 8.0 0.0
-20.0 9.0 0.0
-19.0 9.0 0.0
-18.0 9.0 0.0
-17.0 9.0 0.0
-16.0 9.0 0.0
-15.0 9.0 0.0
-14.0 9.0 0.0
-13.0 9.0 0.0
-12.0 9.0 0.0
-11.0 9.0 0.0
-10.0 9.0 0.0
-9.0 9.0 0.0
-8.0 9.0 0.0
-7.0 9.0 0.0
-6.0 9.0 0.0
-5.0 9.0 88.0
-4.0 9.0 90.0
-3.0 9.0 94.0
-2.0 9.0 103.0
-1.0 9.0 101.0
0.0 9.0 88.0
1.0 9.0 0.0
2.0 9.0 88.0
3.0 9.0 0.0
4.0 9.0 0.0
5.0 9.0 100.0
6.0 9.0 104.0
7.0 9.0 90.0
8.0 9.0 96.0
9.0 9.0 97.0
10.0 9.0 99.0
11.0 9.0 108.0
12.0 9.0 102.0
13.0 9.0 90.0
14.0 9.0 96.0
15.0 9.0 96.0
16.0 9.0 97.0
17.0 9.0 96.0
18.0 9.0 90.0
19.0 9.0 101.0
20.0 9.0 88.0
20.0 10.0 96.0
19.0 10.0 91.0
18.0 10.0 91.0
17.0 10.0 90.0
16.0 10.0 90.0
15.0 10.0 90.0
14.0 10.0 91.0
13.0 10.0 91.0
12.0 10.0 95.0
11.0 10.0 97.0
10.0 10.0 88.0
9.0 10.0 95.0
8.0 10.0 95.0
7.0 10.0 90.0
6.0 10.0 90.0
5.0 10.0 94.0
4.0 10.0 95.0
3.0 10.0 99.0
2.0 10.0 95.0
1.0 10.0 94.0
0.0 10.0 97.0
-1.0 10.0 97.0
-2.0 10.0 0.0
-3.0 10.0 87.0
-4.0 10.0 92.0
-5.0 10.0 88.0
-6.0 10.0 0.0
-7.0 10.0 0.0
-8.0 10.0 0.0
-9.0 10.0 0.0
-10.0 10.0 103.0
-11.0 10.0 94.0
-12.0 10.0 93.0
-13.0 10.0 83.0
-14.0 10.0 85.0
-15.0 10.0 75.0
-16.0 10.0 0.0
-17.0 10.0 0.0
-18.0 10.0 0.0
-19.0 10.0 0.0
-20.0 10.0 0.0
-20.0 11.0 0.0
-19.0 11.0 0.0
-18.0 11.0 0.0
-17.0 11.0 0.0
-16.0 11.0 0.0
-15.0 11.0 0.0
-14.0 11.0 0.0
-13.0 11.0 0.0
-12.0 11.0 0.0
-11.0 11.0 0.0
-10.0 11.0 0.0
-9.0 11.0 0.0
-8.0 11.0 0.0
-7.0 11.0 0.0
-6.0 11.0 72.0
-5.0 11.0 71.0
-4.0 11.0 86.0
-3.0 11.0 90.0
-2.0 11.0 90.0
-1.0 11.0 93.0
0.0 11.0 86.0
1.0 11.0 0.0
2.0 11.0 0.0
3.0 11.0 0.0
4.0 11.0 0.0
5.0 11.0 102.0
6.0 11.0 88.0
7.0 11.0 90.0
8.0 11.0 94.0
9.0 11.0 100.0
10.0 11.0 85.0
11.0 11.0 90.0
12.0 11.0 95.0
13.0 11.0 93.0
14.0 11.0 93.0
15.0 11.0 105.0
16.0 11.0 86.0
17.0 11.0 91.0
18.0 11.0 97.0
19.0 11.0 91.0
20.0 11.0 86.0
20.0 12.0 87.0
19.0 12.0 90.0
18.0 12.0 88.0
17.0 12.0 78.0
16.0 12.0 75.0
15.0 12.0 78.0
14.0 12.0 85.0
13.0 12.0 73.0
12.0 12.0 73.0
11.0 12.0 87.0
10.0 12.0 84.0
9.0 12.0 90.0
8.0 12.0 79.0
7.0 12.0 80.0
6.0 12.0 76.0
5.0 12.0 91.0
4.0 12.0 78.0
3.0 12.0 95.0
2.0 12.0 90.0
1.0 12.0 90.0
0.0 12.0 87.0
-1.0 12.0 78.0
-2.0 12.0 0.0
-3.0 12.0 88.0
-4.0 12.0 86.0
-5.0 12.0 0.0
-6.0 12.0 0.0
-7.0 12.0 0.0
-8.0 12.0 74.0
-9.0 12.0 0.0
-10.0 12.0 103.0
-11.0 12.0 78.0
-12.0 12.0 95.0
-13.0 12.0 75.0
-14.0 12.0 0.0
-15.0 12.0 0.0
-16.0 12.0 0.0
-17.0 12.0 0.0
-18.0 12.0 0.0
-19.0 12.0 0.0
-20.0 12.0 0.0
-20.0 13.0 0.0
-19.0 13.0 0.0
-18.0 13.0 0.0
-17.0 13.0 0.0
-16.0 13.0 0.0
-15.0 13.0 0.0
-14.0 13.0 0.0
-13.0 13.0 0.0
-12.0 13.0 0.0
-11.0 13.0 0.0
-10.0 13.0 0.0
-9.0 13.0 0.0
-8.0 13.0 0.0
-7.0 13.0 0.0
-6.0 13.0 0.0
-5.0 13.0 0.0
-4.0 13.0 0.0
-3.0 13.0 0.0
-2.0 13.0 79.0
-1.0 13.0 0.0
0.0 13.0 0.0
1.0 13.0 0.0
2.0 13.0 0.0
3.0 13.0 0.0
4.0 13.0 0.0
5.0 13.0 0.0
6.0 13.0 0.0
7.0 13.0 0.0
8.0 13.0 0.0
9.0 13.0 0.0
10.0 13.0 0.0
11.0 13.0 80.0
12.0 13.0 83.0
13.0 13.0 75.0
14.0 13.0 0.0
15.0 13.0 93.0
16.0 13.0 73.0
17.0 13.0 71.0
18.0 13.0 0.0
19.0 13.0 0.0
20.0 13.0 73.0
20.0 14.0 75.0
19.0 14.0 69.0
18.0 14.0 66.0
17.0 14.0 71.0
16.0 14.0 66.0
15.0 14.0 63.0
14.0 14.0 71.0
13.0 14.0 69.0
12.0 14.0 66.0
11.0 14.0 66.0
10.0 14.0 74.0
9.0 14.0 71.0
8.0 14.0 78.0
7.0 14.0 75.0
6.0 14.0 69.0
5.0 14.0 82.0
4.0 14.0 82.0
3.0 14.0 0.0
2.0 14.0 67.0
1.0 14.0 74.0
0.0 14.0 0.0
-1.0 14.0 84.0
-2.0 14.0 0.0
-3.0 14.0 0.0
-4.0 14.0 0.0
-5.0 14.0 0.0
-6.0 14.0 0.0
-7.0 14.0 0.0
-8.0 14.0 0.0
-9.0 14.0 0.0
-10.0 14.0 0.0
-11.0 14.0 73.0
-12.0 14.0 0.0
-13.0 14.0 0.0
-14.0 14.0 0.0
-15.0 14.0 0.0
-16.0 14.0 0.0
-17.0 14.0 0.0
-18.0 14.0 0.0
-19.0 14.0 0.0
-20.0 14.0 0.0
-20.0 15.0 0.0
-19.0 15.0 0.0
-18.0 15.0 0.0
-17.0 15.0 0.0
-16.0 15.0 0.0
-15.0 15.0 0.0
-14.0 15.0 0.0
-13.0 15.0 0.0
-12.0 15.0 0.0
-11.0 15.0 0.0
-10.0 15.0 0.0
-9.0 15.0 0.0
-8.0 15.0 0.0
-7.0 15.0 0.0
-6.0 15.0 0.0
-5.0 15.0 0.0
-4.0 15.0 0.0
-3.0 15.0 0.0
-2.0 15.0 0.0
-1.0 15.0 71.0
0.0 15.0 0.0
1.0 15.0 0.0
2.0 15.0 74.0
3.0 15.0 0.0
4.0 15.0 0.0
5.0 15.0 0.0
6.0 15.0 0.0
7.0 15.0 0.0
8.0 15.0 0.0
9.0 15.0 0.0
10.0 15.0 0.0
11.0 15.0 78.0
12.0 15.0 0.0
13.0 15.0 0.0
14.0 15.0 0.0
15.0 15.0 0.0
16.0 15.0 0.0
17.0 15.0 73.0
18.0 15.0 66.0
19.0 15.0 69.0
20.0 15.0 0.0
20.0 16.0 0.0
19.0 16.0 63.0
18.0 16.0 58.0
17.0 16.0 71.0
16.0 16.0 58.0
15.0 16.0 57.0
14.0 16.0 56.0
13.0 16.0 50.0
12.0 16.0 57.0
11.0 16.0 63.0
10.0 16.0 62.0
9.0 16.0 65.0
8.0 16.0 72.0
7.0 16.0 0.0
6.0 16.0 74.0
5.0 16.0 69.0
4.0 16.0 0.0
3.0 16.0 0.0
2.0 16.0 0.0
1.0 16.0 69.0
0.0 16.0 0.0
-1.0 16.0 0.0
-2.0 16.0 0.0
-3.0 16.0 0.0
-4.0 16.0 0.0
-5.0 16.0 0.0
-6.0 16.0 0.0
-7.0 16.0 0.0
-8.0 16.0 0.0
-9.0 16.0 67.0
-10.0 16.0 0.0
-11.0 16.0 0.0
-12.0 16.0 0.0
-13.0 16.0 0.0
-14.0 16.0 0.0
-15.0 16.0 0.0
-16.0 16.0 0.0
-17.0 16.0 0.0
-18.0 16.0 0.0
-19.0 16.0 0.0
-20.0 16.0 0.0
-20.0 17.0 0.0
-19.0 17.0 0.0
-18.0 17.0 0.0
-17.0 17.0 0.0
-16.0 17.0 0.0
-15.0 17.0 0.0
-14.0 17.0 0.0
-13.0 17.0 0.0
-12.0 17.0 0.0
-11.0 17.0 0.0
-10.0 17.0 0.0
-9.0 17.0 0.0
-8.0 17.0 0.0
-7.0 17.0 0.0
-6.0 17.0 0.0
-5.0 17.0 0.0
-4.0 17.0 0.0
-3.0 17.0 0.0
-2.0 17.0 0.0
-1.0 17.0 74.0
0.0 17.0 71.0
1.0 17.0 0.0
2.0 17.0 0.0
3.0 17.0 72.0
4.0 17.0 67.0
5.0 17.0 0.0
6.0 17.0 77.0
7.0 17.0 0.0
8.0 17.0 0.0
9.0 17.0 69.0
10.0 17.0 0.0
11.0 17.0 0.0
12.0 17.0 61.0
13.0 17.0 0.0
14.0 17.0 0.0
15.0 17.0 0.0
16.0 17.0 65.0
17.0 17.0 62.0
18.0 17.0 0.0
19.0 17.0 69.0
20.0 17.0 0.0
20.0 18.0 0.0
19.0 18.0 0.0
18.0 18.0 0.0
17.0 18.0 53.0
16.0 18.0 0.0
15.0 18.0 52.0
14.0 18.0 52.0
13.0 18.0 0.0
12.0 18.0 0.0
11.0 18.0 0.0
10.0 18.0 73.0
9.0 18.0 0.0
8.0 18.0 62.0
7.0 18.0 0.0
6.0 18.0 0.0
5.0 18.0 0.0
4.0 18.0 0.0
3.0 18.0 0.0
2.0 18.0 0.0
1.0 18.0 65.0
0.0 18.0 0.0
-1.0 18.0 0.0
-2.0 18.0 0.0
-3.0 18.0 0.0
-4.0 18.0 0.0
-5.0 18.0 0.0
-6.0 18.0 0.0
-7.0 18.0 59.0
-8.0 18.0 0.0
-9.0 18.0 0.0
-10.0 18.0 0.0
-11.0 18.0 0.0
-12.0 18.0 0.0
-13.0 18.0 0.0
-14.0 18.0 0.0
-15.0 18.0 0.0
-16.0 18.0 0.0
-17.0 18.0 0.0
-18.0 18.0 0.0
-19.0 18.0 0.0
-20.0 18.0 0.0
-20.0 19.0 0.0
-19.0 19.0 0.0
-18.0 19.0 0.0
-17.0 19.0 0.0
-16.0 19.0 0.0
-15.0 19.0 0.0
-14.0 19.0 0.0
-13.0 19.0 0.0
-12.0 19.0 0.0
-11.0 19.0 0.0
-10.0 19.0 0.0
-9.0 19.0 0.0
-8.0 19.0 0.0
-7.0 19.0 0.0
-6.0 19.0 0.0
-5.0 19.0 0.0
-4.0 19.0 0.0
-3.0 19.0 0.0
-2.0 19.0 0.0
-1.0 19.0 0.0
0.0 19.0 0.0
1.0 19.0 0.0
2.0 19.0 0.0
3.0 19.0 0.0
4.0 19.0 0.0
5.0 19.0 0.0
6.0 19.0 0.0
7.0 19.0 0.0
8.0 19.0 0.0
9.0 19.0 0.0
10.0 19.0 0.0
11.0 19.0 0.0
12.0 19.0 0.0
13.0 19.0 0.0
14.0 19.0 0.0
15.0 19.0 62.0
16.0 19.0 0.0
17.0 19.0 0.0
18.0 19.0 0.0
19.0 19.0 0.0
20.0 19.0 0.0
20.0 20.0 0.0
19.0 20.0 0.0
18.0 20.0 46.0
17.0 20.0 52.0
16.0 20.0 57.0
15.0 20.0 52.0
14.0 20.0 56.0
13.0 20.0 0.0
12.0 20.0 50.0
11.0 20.0 60.0
10.0 20.0 55.0
9.0 20.0 61.0
8.0 20.0 57.0
7.0 20.0 55.0
6.0 20.0 0.0
5.0 20.0 61.0
4.0 20.0 0.0
3.0 20.0 0.0
2.0 20.0 54.0
1.0 20.0 60.0
0.0 20.0 65.0
-1.0 20.0 0.0
-2.0 20.0 0.0
-3.0 20.0 0.0
-4.0 20.0 0.0
-5.0 20.0 0.0
-6.0 20.0 0.0
-7.0 20.0 0.0
-8.0 20.0 0.0
-9.0 20.0 0.0
-10.0 20.0 0.0
-11.0 20.0 0.0
-12.0 20.0 0.0
-13.0 20.0 0.0
-14.0 20.0 0.0
-15.0 20.0 0.0
-16.0 20.0 0.0
-17.0 20.0 0.0
-18.0 20.0 0.0
-19.0 20.0 0.0
-20.0 20.0 0.0
-20.0 21.0 0.0
-19.0 21.0 0.0
-18.0 21.0 5282.0
-17.0 21.0 0.0
-16.0 21.0 0.0
-15.0 21.0 0.0
-14.0 21.0 0.0
-13.0 21.0 0.0
-12.0 21.0 0.0
-11.0 21.0 0.0
-10.0 21.0 0.0
-9.0 21.0 0.0
-8.0 21.0 0.0
-7.0 21.0 0.0
-6.0 21.0 0.0
-5.0 21.0 0.0
-4.0 21.0 53.0
-3.0 21.0 0.0
-2.0 21.0 0.0
-1.0 21.0 0.0
0.0 21.0 0.0
1.0 21.0 50.0
2.0 21.0 0.0
3.0 21.0 0.0
4.0 21.0 0.0
5.0 21.0 56.0
6.0 21.0 0.0
7.0 21.0 0.0
8.0 21.0 0.0
9.0 21.0 0.0
10.0 21.0 0.0
11.0 21.0 0.0
12.0 21.0 0.0
13.0 21.0 0.0
14.0 21.0 0.0
15.0 21.0 0.0
16.0 21.0 0.0
17.0 21.0 0.0
18.0 21.0 59.0
19.0 21.0 62.0
20.0 21.0 57.0
