20.0 -20.0 32.0
19.0 -20.0 0.0
18.0 -20.0 59.0
17.0 -20.0 93.0
16.0 -20.0 96.0
15.0 -20.0 78.0
14.0 -20.0 123.0
13.0 -20.0 122.0
12.0 -20.0 122.0
11.0 -20.0 123.0
10.0 -20.0 124.0
9.0 -20.0 122.0
8.0 -20.0 122.0
7.0 -20.0 120.0
6.0 -20.0 122.0
5.0 -20.0 120.0
4.0 -20.0 122.0
3.0 -20.0 120.0
2.0 -20.0 114.0
1.0 -20.0 120.0
0.0 -20.0 120.0
-1.0 -20.0 124.0
-2.0 -20.0 115.0
-3.0 -20.0 113.0
-4.0 -20.0 113.0
-5.0 -20.0 96.0
-6.0 -20.0 67.0
-7.0 -20.0 67.0
-8.0 -20.0 68.0
-9.0 -20.0 72.0
-10.0 -20.0 68.0
-11.0 -20.0 71.0
-12.0 -20.0 123.0
-13.0 -20.0 123.0
-14.0 -20.0 122.0
-15.0 -20.0 122.0
-16.0 -20.0 103.0
-17.0 -20.0 99.0
-18.0 -20.0 100.0
-19.0 -20.0 108.0
-20.0 -20.0 110.0
-20.0 -19.0 123.0
-19.0 -19.0 122.0
-18.0 -19.0 120.0
-17.0 -19.0 122.0
-16.0 -19.0 114.0
-15.0 -19.0 113.0
-14.0 -19.0 119.0
-13.0 -19.0 114.0
-12.0 -19.0 115.0
-11.0 -19.0 115.0
-10.0 -19.0 115.0
-9.0 -19.0 123.0
-8.0 -19.0 105.0
-7.0 -19.0 101.0
-6.0 -19.0 115.0
-5.0 -19.0 110.0
-4.0 -19.0 120.0
-3.0 -19.0 119.0
-2.0 -19.0 122.0
-1.0 -19.0 121.0
0.0 -19.0 78.0
1.0 -19.0 79.0
2.0 -19.0 67.0
3.0 -19.0 68.0
4.0 -19.0 67.0
5.0 -19.0 67.0
6.0 -19.0 68.0
7.0 -19.0 68.0
8.0 -19.0 112.0
9.0 -19.0 114.0
10.0 -19.0 114.0
11.0 -19.0 121.0
12.0 -19.0 119.0
13.0 -19.0 120.0
14.0 -19.0 120.0
15.0 -19.0 128.0
16.0 -19.0 121.0
17.0 -19.0 119.0
18.0 -19.0 119.0
19.0 -19.0 120.0
20.0 -19.0 120.0
20.0 -18.0 122.0
19.0 -18.0 121.0
18.0 -18.0 120.0
17.0 -18.0 121.0
16.0 -18.0 120.0
15.0 -18.0 124.0
14.0 -18.0 122.0
13.0 -18.0 121.0
12.0 -18.0 122.0
11.0 -18.0 123.0
10.0 -18.0 121.0
9.0 -18.0 121.0
8.0 -18.0 121.0
7.0 -18.0 120.0
6.0 -18.0 120.0
5.0 -18.0 119.0
4.0 -18.0 117.0
3.0 -18.0 119.0
2.0 -18.0 126.0
1.0 -18.0 120.0
0.0 -18.0 115.0
-1.0 -18.0 115.0
-2.0 -18.0 115.0
-3.0 -18.0 112.0
-4.0 -18.0 112.0
-5.0 -18.0 103.0
-6.0 -18.0 68.0
-7.0 -18.0 66.0
-8.0 -18.0 66.0
-9.0 -18.0 91.0
-10.0 -18.0 69.0
-11.0 -18.0 97.0
-12.0 -18.0 120.0
-13.0 -18.0 125.0
-14.0 -18.0 121.0
-15.0 -18.0 109.0
-16.0 -18.0 102.0
-17.0 -18.0 105.0
-18.0 -18.0 103.0
-19.0 -18.0 97.0
-20.0 -18.0 108.0
-20.0 -17.0 124.0
-19.0 -17.0 121.0
-18.0 -17.0 115.0
-17.0 -17.0 119.0
-16.0 -17.0 115.0
-15.0 -17.0 117.0
-14.0 -17.0 113.0
-13.0 -17.0 120.0
-12.0 -17.0 120.0
-11.0 -17.0 120.0
-10.0 -17.0 121.0
-9.0 -17.0 122.0
-8.0 -17.0 100.0
-7.0 -17.0 101.0
-6.0 -17.0 119.0
-5.0 -17.0 117.0
-4.0 -17.0 121.0
-3.0 -17.0 121.0
-2.0 -17.0 119.0
-1.0 -17.0 121.0
0.0 -17.0 109.0
1.0 -17.0 71.0
2.0 -17.0 85.0
3.0 -17.0 67.0
4.0 -17.0 72.0
5.0 -17.0 66.0
6.0 -17.0 66.0
7.0 -17.0 110.0
8.0 -17.0 112.0
9.0 -17.0 117.0
10.0 -17.0 115.0
11.0 -17.0 117.0
12.0 -17.0 121.0
13.0 -17.0 119.0
14.0 -17.0 117.0
15.0 -17.0 120.0
16.0 -17.0 117.0
17.0 -17.0 117.0
18.0 -17.0 121.0
19.0 -17.0 127.0
20.0 -17.0 119.0
20.0 -16.0 126.0
19.0 -16.0 121.0
18.0 -16.0 123.0
17.0 -16.0 121.0
16.0 -16.0 121.0
15.0 -16.0 122.0
14.0 -16.0 120.0
13.0 -16.0 125.0
12.0 -16.0 120.0
11.0 -16.0 122.0
10.0 -16.0 121.0
9.0 -16.0 122.0
8.0 -16.0 117.0
7.0 -16.0 119.0
6.0 -16.0 117.0
5.0 -16.0 120.0
4.0 -16.0 119.0
3.0 -16.0 114.0
2.0 -16.0 114.0
1.0 -16.0 117.0
0.0 -16.0 117.0
-1.0 -16.0 114.0
-2.0 -16.0 114.0
-3.0 -16.0 112.0
-4.0 -16.0 104.0
-5.0 -16.0 94.0
-6.0 -16.0 75.0
-7.0 -16.0 67.0
-8.0 -16.0 66.0
-9.0 -16.0 86.0
-10.0 -16.0 69.0
-11.0 -16.0 69.0
-12.0 -16.0 71.0
-13.0 -16.0 120.0
-14.0 -16.0 122.0
-15.0 -16.0 117.0
-16.0 -16.0 100.0
-17.0 -16.0 101.0
-18.0 -16.0 107.0
-19.0 -16.0 102.0
-20.0 -16.0 100.0
-20.0 -15.0 125.0
-19.0 -15.0 122.0
-18.0 -15.0 115.0
-17.0 -15.0 119.0
-16.0 -15.0 119.0
-15.0 -15.0 113.0
-14.0 -15.0 119.0
-13.0 -15.0 114.0
-12.0 -15.0 117.0
-11.0 -15.0 117.0
-10.0 -15.0 113.0
-9.0 -15.0 119.0
-8.0 -15.0 119.0
-7.0 -15.0 104.0
-6.0 -15.0 100.0
-5.0 -15.0 113.0
-4.0 -15.0 115.0
-3.0 -15.0 120.0
-2.0 -15.0 119.0
-1.0 -15.0 121.0
0.0 -15.0 115.0
1.0 -15.0 69.0
2.0 -15.0 82.0
3.0 -15.0 66.0
4.0 -15.0 74.0
5.0 -15.0 66.0
6.0 -15.0 66.0
7.0 -15.0 99.0
8.0 -15.0 113.0
9.0 -15.0 117.0
10.0 -15.0 119.0
11.0 -15.0 120.0
12.0 -15.0 117.0
13.0 -15.0 120.0
14.0 -15.0 119.0
15.0 -15.0 117.0
16.0 -15.0 117.0
17.0 -15.0 119.0
18.0 -15.0 120.0
19.0 -15.0 121.0
20.0 -15.0 122.0
20.0 -14.0 120.0
19.0 -14.0 119.0
18.0 -14.0 122.0
17.0 -14.0 122.0
16.0 -14.0 122.0
15.0 -14.0 122.0
14.0 -14.0 122.0
13.0 -14.0 122.0
12.0 -14.0 123.0
11.0 -14.0 121.0
10.0 -14.0 121.0
9.0 -14.0 126.0
8.0 -14.0 119.0
7.0 -14.0 119.0
6.0 -14.0 115.0
5.0 -14.0 119.0
4.0 -14.0 120.0
3.0 -14.0 121.0
2.0 -14.0 115.0
1.0 -14.0 117.0
0.0 -14.0 115.0
-1.0 -14.0 121.0
-2.0 -14.0 123.0
-3.0 -14.0 113.0
-4.0 -14.0 96.0
-5.0 -14.0 68.0
-6.0 -14.0 67.0
-7.0 -14.0 67.0
-8.0 -14.0 66.0
-9.0 -14.0 84.0
-10.0 -14.0 72.0
-11.0 -14.0 70.0
-12.0 -14.0 72.0
-13.0 -14.0 120.0
-14.0 -14.0 121.0
-15.0 -14.0 121.0
-16.0 -14.0 120.0
-17.0 -14.0 105.0
-18.0 -14.0 103.0
-19.0 -14.0 108.0
-20.0 -14.0 105.0
-20.0 -13.0 119.0
-19.0 -13.0 123.0
-18.0 -13.0 117.0
-17.0 -13.0 114.0
-16.0 -13.0 117.0
-15.0 -13.0 115.0
-14.0 -13.0 115.0
-13.0 -13.0 117.0
-12.0 -13.0 115.0
-11.0 -13.0 123.0
-10.0 -13.0 117.0
-9.0 -13.0 123.0
-8.0 -13.0 102.0
-7.0 -13.0 104.0
-6.0 -13.0 112.0
-5.0 -13.0 122.0
-4.0 -13.0 120.0
-3.0 -13.0 120.0
-2.0 -13.0 122.0
-1.0 -13.0 121.0
0.0 -13.0 76.0
1.0 -13.0 73.0
2.0 -13.0 69.0
3.0 -13.0 69.0
4.0 -13.0 68.0
5.0 -13.0 67.0
6.0 -13.0 70.0
7.0 -13.0 107.0
8.0 -13.0 115.0
9.0 -13.0 120.0
10.0 -13.0 117.0
11.0 -13.0 126.0
12.0 -13.0 117.0
13.0 -13.0 120.0
14.0 -13.0 117.0
15.0 -13.0 124.0
16.0 -13.0 120.0
17.0 -13.0 117.0
18.0 -13.0 122.0
19.0 -13.0 121.0
20.0 -13.0 120.0
20.0 -12.0 123.0
19.0 -12.0 123.0
18.0 -12.0 126.0
17.0 -12.0 121.0
16.0 -12.0 123.0
15.0 -12.0 122.0
14.0 -12.0 123.0
13.0 -12.0 127.0
12.0 -12.0 123.0
11.0 -12.0 120.0
10.0 -12.0 122.0
9.0 -12.0 127.0
8.0 -12.0 121.0
7.0 -12.0 119.0
6.0 -12.0 119.0
5.0 -12.0 119.0
4.0 -12.0 119.0
3.0 -12.0 120.0
2.0 -12.0 125.0
1.0 -12.0 121.0
0.0 -12.0 119.0
-1.0 -12.0 120.0
-2.0 -12.0 124.0
-3.0 -12.0 105.0
-4.0 -12.0 91.0
-5.0 -12.0 86.0
-6.0 -12.0 68.0
-7.0 -12.0 65.0
-8.0 -12.0 69.0
-9.0 -12.0 94.0
-10.0 -12.0 73.0
-11.0 -12.0 77.0
-12.0 -12.0 117.0
-13.0 -12.0 121.0
-14.0 -12.0 120.0
-15.0 -12.0 115.0
-16.0 -12.0 108.0
-17.0 -12.0 107.0
-18.0 -12.0 104.0
-19.0 -12.0 105.0
-20.0 -12.0 103.0
-20.0 -11.0 120.0
-19.0 -11.0 121.0
-18.0 -11.0 119.0
-17.0 -11.0 121.0
-16.0 -11.0 119.0
-15.0 -11.0 119.0
-14.0 -11.0 120.0
-13.0 -11.0 117.0
-12.0 -11.0 119.0
-11.0 -11.0 115.0
-10.0 -11.0 115.0
-9.0 -11.0 119.0
-8.0 -11.0 122.0
-7.0 -11.0 107.0
-6.0 -11.0 102.0
-5.0 -11.0 123.0
-4.0 -11.0 121.0
-3.0 -11.0 120.0
-2.0 -11.0 122.0
-1.0 -11.0 121.0
0.0 -11.0 121.0
1.0 -11.0 70.0
2.0 -11.0 89.0
3.0 -11.0 68.0
4.0 -11.0 67.0
5.0 -11.0 67.0
6.0 -11.0 67.0
7.0 -11.0 86.0
8.0 -11.0 99.0
9.0 -11.0 117.0
10.0 -11.0 120.0
11.0 -11.0 117.0
12.0 -11.0 120.0
13.0 -11.0 117.0
14.0 -11.0 120.0
15.0 -11.0 130.0
16.0 -11.0 120.0
17.0 -11.0 121.0
18.0 -11.0 121.0
19.0 -11.0 122.0
20.0 -11.0 121.0
20.0 -10.0 123.0
19.0 -10.0 122.0
18.0 -10.0 123.0
17.0 -10.0 124.0
16.0 -10.0 121.0
15.0 -10.0 123.0
14.0 -10.0 121.0
13.0 -10.0 121.0
12.0 -10.0 122.0
11.0 -10.0 123.0
10.0 -10.0 123.0
9.0 -10.0 122.0
8.0 -10.0 119.0
7.0 -10.0 121.0
6.0 -10.0 120.0
5.0 -10.0 121.0
4.0 -10.0 121.0
3.0 -10.0 120.0
2.0 -10.0 119.0
1.0 -10.0 120.0
0.0 -10.0 120.0
-1.0 -10.0 121.0
-2.0 -10.0 128.0
-3.0 -10.0 112.0
-4.0 -10.0 83.0
-5.0 -10.0 85.0
-6.0 -10.0 72.0
-7.0 -10.0 67.0
-8.0 -10.0 68.0
-9.0 -10.0 72.0
-10.0 -10.0 89.0
-11.0 -10.0 102.0
-12.0 -10.0 120.0
-13.0 -10.0 113.0
-14.0 -10.0 122.0
-15.0 -10.0 119.0
-16.0 -10.0 120.0
-17.0 -10.0 105.0
-18.0 -10.0 101.0
-19.0 -10.0 104.0
-20.0 -10.0 107.0
-20.0 -9.0 123.0
-19.0 -9.0 121.0
-18.0 -9.0 121.0
-17.0 -9.0 115.0
-16.0 -9.0 117.0
-15.0 -9.0 120.0
-14.0 -9.0 117.0
-13.0 -9.0 120.0
-12.0 -9.0 117.0
-11.0 -9.0 123.0
-10.0 -9.0 122.0
-9.0 -9.0 119.0
-8.0 -9.0 108.0
-7.0 -9.0 101.0
-6.0 -9.0 122.0
-5.0 -9.0 121.0
-4.0 -9.0 121.0
-3.0 -9.0 130.0
-2.0 -9.0 123.0
-1.0 -9.0 119.0
0.0 -9.0 96.0
1.0 -9.0 77.0
2.0 -9.0 69.0
3.0 -9.0 67.0
4.0 -9.0 68.0
5.0 -9.0 69.0
6.0 -9.0 74.0
7.0 -9.0 76.0
8.0 -9.0 91.0
9.0 -9.0 108.0
10.0 -9.0 117.0
11.0 -9.0 119.0
12.0 -9.0 122.0
13.0 -9.0 120.0
14.0 -9.0 117.0
15.0 -9.0 121.0
16.0 -9.0 120.0
17.0 -9.0 119.0
18.0 -9.0 119.0
19.0 -9.0 119.0
20.0 -9.0 121.0
20.0 -8.0 124.0
19.0 -8.0 123.0
18.0 -8.0 122.0
17.0 -8.0 121.0
16.0 -8.0 122.0
15.0 -8.0 124.0
14.0 -8.0 121.0
13.0 -8.0 122.0
12.0 -8.0 122.0
11.0 -8.0 121.0
10.0 -8.0 122.0
9.0 -8.0 125.0
8.0 -8.0 123.0
7.0 -8.0 119.0
6.0 -8.0 119.0
5.0 -8.0 119.0
4.0 -8.0 115.0
3.0 -8.0 120.0
2.0 -8.0 119.0
1.0 -8.0 119.0
0.0 -8.0 119.0
-1.0 -8.0 115.0
-2.0 -8.0 93.0
-3.0 -8.0 87.0
-4.0 -8.0 82.0
-5.0 -8.0 79.0
-6.0 -8.0 79.0
-7.0 -8.0 67.0
-8.0 -8.0 66.0
-9.0 -8.0 69.0
-10.0 -8.0 71.0
-11.0 -8.0 68.0
-12.0 -8.0 82.0
-13.0 -8.0 119.0
-14.0 -8.0 123.0
-15.0 -8.0 120.0
-16.0 -8.0 104.0
-17.0 -8.0 101.0
-18.0 -8.0 105.0
-19.0 -8.0 112.0
-20.0 -8.0 108.0
-20.0 -7.0 124.0
-19.0 -7.0 124.0
-18.0 -7.0 124.0
-17.0 -7.0 115.0
-16.0 -7.0 117.0
-15.0 -7.0 115.0
-14.0 -7.0 119.0
-13.0 -7.0 121.0
-12.0 -7.0 113.0
-11.0 -7.0 120.0
-10.0 -7.0 122.0
-9.0 -7.0 117.0
-8.0 -7.0 96.0
-7.0 -7.0 101.0
-6.0 -7.0 107.0
-5.0 -7.0 96.0
-4.0 -7.0 93.0
-3.0 -7.0 100.0
-2.0 -7.0 97.0
-1.0 -7.0 100.0
0.0 -7.0 72.0
1.0 -7.0 70.0
2.0 -7.0 68.0
3.0 -7.0 67.0
4.0 -7.0 68.0
5.0 -7.0 66.0
6.0 -7.0 68.0
7.0 -7.0 72.0
8.0 -7.0 79.0
9.0 -7.0 112.0
10.0 -7.0 119.0
11.0 -7.0 119.0
12.0 -7.0 119.0
13.0 -7.0 119.0
14.0 -7.0 119.0
15.0 -7.0 120.0
16.0 -7.0 124.0
17.0 -7.0 120.0
18.0 -7.0 120.0
19.0 -7.0 122.0
20.0 -7.0 126.0
20.0 -6.0 123.0
19.0 -6.0 123.0
18.0 -6.0 121.0
17.0 -6.0 122.0
16.0 -6.0 123.0
15.0 -6.0 122.0
14.0 -6.0 123.0
13.0 -6.0 123.0
12.0 -6.0 121.0
11.0 -6.0 123.0
10.0 -6.0 123.0
9.0 -6.0 121.0
8.0 -6.0 125.0
7.0 -6.0 119.0
6.0 -6.0 120.0
5.0 -6.0 119.0
4.0 -6.0 119.0
3.0 -6.0 115.0
2.0 -6.0 115.0
1.0 -6.0 120.0
0.0 -6.0 114.0
-1.0 -6.0 109.0
-2.0 -6.0 70.0
-3.0 -6.0 74.0
-4.0 -6.0 73.0
-5.0 -6.0 72.0
-6.0 -6.0 70.0
-7.0 -6.0 77.0
-8.0 -6.0 68.0
-9.0 -6.0 68.0
-10.0 -6.0 67.0
-11.0 -6.0 78.0
-12.0 -6.0 80.0
-13.0 -6.0 86.0
-14.0 -6.0 88.0
-15.0 -6.0 114.0
-16.0 -6.0 102.0
-17.0 -6.0 102.0
-18.0 -6.0 103.0
-19.0 -6.0 103.0
-20.0 -6.0 108.0
-20.0 -5.0 124.0
-19.0 -5.0 123.0
-18.0 -5.0 117.0
-17.0 -5.0 115.0
-16.0 -5.0 114.0
-15.0 -5.0 113.0
-14.0 -5.0 117.0
-13.0 -5.0 119.0
-12.0 -5.0 115.0
-11.0 -5.0 119.0
-10.0 -5.0 121.0
-9.0 -5.0 103.0
-8.0 -5.0 103.0
-7.0 -5.0 103.0
-6.0 -5.0 108.0
-5.0 -5.0 99.0
-4.0 -5.0 105.0
-3.0 -5.0 113.0
-2.0 -5.0 113.0
-1.0 -5.0 112.0
0.0 -5.0 75.0
1.0 -5.0 70.0
2.0 -5.0 70.0
3.0 -5.0 69.0
4.0 -5.0 69.0
5.0 -5.0 70.0
6.0 -5.0 70.0
7.0 -5.0 75.0
8.0 -5.0 77.0
9.0 -5.0 79.0
10.0 -5.0 115.0
11.0 -5.0 119.0
12.0 -5.0 117.0
13.0 -5.0 117.0
14.0 -5.0 119.0
15.0 -5.0 119.0
16.0 -5.0 115.0
17.0 -5.0 119.0
18.0 -5.0 119.0
19.0 -5.0 122.0
20.0 -5.0 120.0
20.0 -4.0 117.0
19.0 -4.0 124.0
18.0 -4.0 122.0
17.0 -4.0 120.0
16.0 -4.0 121.0
15.0 -4.0 120.0
14.0 -4.0 121.0
13.0 -4.0 120.0
12.0 -4.0 121.0
11.0 -4.0 122.0
10.0 -4.0 120.0
9.0 -4.0 120.0
8.0 -4.0 126.0
7.0 -4.0 117.0
6.0 -4.0 120.0
5.0 -4.0 119.0
4.0 -4.0 115.0
3.0 -4.0 120.0
2.0 -4.0 119.0
1.0 -4.0 117.0
0.0 -4.0 115.0
-1.0 -4.0 80.0
-2.0 -4.0 74.0
-3.0 -4.0 74.0
-4.0 -4.0 75.0
-5.0 -4.0 71.0
-6.0 -4.0 72.0
-7.0 -4.0 77.0
-8.0 -4.0 68.0
-9.0 -4.0 66.0
-10.0 -4.0 69.0
-11.0 -4.0 68.0
-12.0 -4.0 71.0
-13.0 -4.0 79.0
-14.0 -4.0 84.0
-15.0 -4.0 108.0
-16.0 -4.0 101.0
-17.0 -4.0 99.0
-18.0 -4.0 107.0
-19.0 -4.0 105.0
-20.0 -4.0 102.0
-20.0 -3.0 110.0
-19.0 -3.0 121.0
-18.0 -3.0 115.0
-17.0 -3.0 121.0
-16.0 -3.0 117.0
-15.0 -3.0 120.0
-14.0 -3.0 119.0
-13.0 -3.0 113.0
-12.0 -3.0 120.0
-11.0 -3.0 115.0
-10.0 -3.0 120.0
-9.0 -3.0 102.0
-8.0 -3.0 102.0
-7.0 -3.0 105.0
-6.0 -3.0 99.0
-5.0 -3.0 100.0
-4.0 -3.0 100.0
-3.0 -3.0 114.0
-2.0 -3.0 78.0
-1.0 -3.0 75.0
0.0 -3.0 69.0
1.0 -3.0 68.0
2.0 -3.0 67.0
3.0 -3.0 66.0
4.0 -3.0 68.0
5.0 -3.0 69.0
6.0 -3.0 69.0
7.0 -3.0 69.0
8.0 -3.0 73.0
9.0 -3.0 74.0
10.0 -3.0 112.0
11.0 -3.0 115.0
12.0 -3.0 117.0
13.0 -3.0 119.0
14.0 -3.0 114.0
15.0 -3.0 117.0
16.0 -3.0 117.0
17.0 -3.0 120.0
18.0 -3.0 120.0
19.0 -3.0 117.0
20.0 -3.0 119.0
20.0 -2.0 117.0
19.0 -2.0 120.0
18.0 -2.0 115.0
17.0 -2.0 114.0
16.0 -2.0 110.0
15.0 -2.0 117.0
14.0 -2.0 113.0
13.0 -2.0 110.0
12.0 -2.0 110.0
11.0 -2.0 114.0
10.0 -2.0 115.0
9.0 -2.0 119.0
8.0 -2.0 119.0
7.0 -2.0 124.0
6.0 -2.0 119.0
5.0 -2.0 114.0
4.0 -2.0 114.0
3.0 -2.0 115.0
2.0 -2.0 115.0
1.0 -2.0 114.0
0.0 -2.0 105.0
-1.0 -2.0 97.0
-2.0 -2.0 94.0
-3.0 -2.0 69.0
-4.0 -2.0 76.0
-5.0 -2.0 71.0
-6.0 -2.0 69.0
-7.0 -2.0 69.0
-8.0 -2.0 69.0
-9.0 -2.0 68.0
-10.0 -2.0 67.0
-11.0 -2.0 75.0
-12.0 -2.0 68.0
-13.0 -2.0 77.0
-14.0 -2.0 115.0
-15.0 -2.0 96.0
-16.0 -2.0 99.0
-17.0 -2.0 88.0
-18.0 -2.0 97.0
-19.0 -2.0 101.0
-20.0 -2.0 102.0
-20.0 -1.0 108.0
-19.0 -1.0 110.0
-18.0 -1.0 107.0
-17.0 -1.0 105.0
-16.0 -1.0 102.0
-15.0 -1.0 103.0
-14.0 -1.0 99.0
-13.0 -1.0 99.0
-12.0 -1.0 103.0
-11.0 -1.0 101.0
-10.0 -1.0 105.0
-9.0 -1.0 104.0
-8.0 -1.0 97.0
-7.0 -1.0 92.0
-6.0 -1.0 108.0
-5.0 -1.0 107.0
-4.0 -1.0 104.0
-3.0 -1.0 97.0
-2.0 -1.0 92.0
-1.0 -1.0 108.0
0.0 -1.0 69.0
1.0 -1.0 67.0
2.0 -1.0 67.0
3.0 -1.0 68.0
4.0 -1.0 69.0
5.0 -1.0 69.0
6.0 -1.0 67.0
7.0 -1.0 71.0
8.0 -1.0 68.0
9.0 -1.0 68.0
10.0 -1.0 87.0
11.0 -1.0 92.0
12.0 -1.0 97.0
13.0 -1.0 101.0
14.0 -1.0 101.0
15.0 -1.0 104.0
16.0 -1.0 101.0
17.0 -1.0 103.0
18.0 -1.0 102.0
19.0 -1.0 102.0
20.0 -1.0 84.0
20.0 0.0 77.0
19.0 0.0 80.0
18.0 0.0 74.0
17.0 0.0 77.0
16.0 0.0 80.0
15.0 0.0 75.0
14.0 0.0 78.0
13.0 0.0 74.0
12.0 0.0 76.0
11.0 0.0 75.0
10.0 0.0 82.0
9.0 0.0 79.0
8.0 0.0 92.0
7.0 0.0 97.0
6.0 0.0 96.0
5.0 0.0 95.0
4.0 0.0 100.0
3.0 0.0 94.0
2.0 0.0 96.0
1.0 0.0 91.0
0.0 0.0 91.0
-1.0 0.0 85.0
-2.0 0.0 86.0
-3.0 0.0 70.0
-4.0 0.0 68.0
-5.0 0.0 70.0
-6.0 0.0 70.0
-7.0 0.0 69.0
-8.0 0.0 69.0
-9.0 0.0 69.0
-10.0 0.0 74.0
-11.0 0.0 71.0
-12.0 0.0 84.0
-13.0 0.0 95.0
-14.0 0.0 100.0
-15.0 0.0 95.0
-16.0 0.0 87.0
-17.0 0.0 84.0
-18.0 0.0 87.0
-19.0 0.0 84.0
-20.0 0.0 89.0
-20.0 1.0 90.0
-19.0 1.0 90.0
-18.0 1.0 91.0
-17.0 1.0 90.0
-16.0 1.0 83.0
-15.0 1.0 82.0
-14.0 1.0 77.0
-13.0 1.0 70.0
-12.0 1.0 73.0
-11.0 1.0 76.0
-10.0 1.0 73.0
-9.0 1.0 72.0
-8.0 1.0 73.0
-7.0 1.0 68.0
-6.0 1.0 68.0
-5.0 1.0 70.0
-4.0 1.0 70.0
-3.0 1.0 80.0
-2.0 1.0 72.0
-1.0 1.0 67.0
0.0 1.0 67.0
1.0 1.0 67.0
2.0 1.0 67.0
3.0 1.0 67.0
4.0 1.0 67.0
5.0 1.0 68.0
6.0 1.0 68.0
7.0 1.0 66.0
8.0 1.0 66.0
9.0 1.0 70.0
10.0 1.0 74.0
11.0 1.0 77.0
12.0 1.0 85.0
13.0 1.0 91.0
14.0 1.0 90.0
15.0 1.0 93.0
16.0 1.0 95.0
17.0 1.0 97.0
18.0 1.0 93.0
19.0 1.0 94.0
20.0 1.0 90.0
20.0 2.0 88.0
19.0 2.0 94.0
18.0 2.0 94.0
17.0 2.0 93.0
16.0 2.0 95.0
15.0 2.0 93.0
14.0 2.0 94.0
13.0 2.0 90.0
12.0 2.0 91.0
11.0 2.0 92.0
10.0 2.0 96.0
9.0 2.0 94.0
8.0 2.0 92.0
7.0 2.0 94.0
6.0 2.0 94.0
5.0 2.0 93.0
4.0 2.0 97.0
3.0 2.0 96.0
2.0 2.0 93.0
1.0 2.0 90.0
0.0 2.0 80.0
-1.0 2.0 73.0
-2.0 2.0 69.0
-3.0 2.0 65.0
-4.0 2.0 63.0
-5.0 2.0 66.0
-6.0 2.0 66.0
-7.0 2.0 68.0
-8.0 2.0 66.0
-9.0 2.0 67.0
-10.0 2.0 65.0
-11.0 2.0 68.0
-12.0 2.0 65.0
-13.0 2.0 68.0
-14.0 2.0 78.0
-15.0 2.0 79.0
-16.0 2.0 71.0
-17.0 2.0 69.0
-18.0 2.0 69.0
-19.0 2.0 68.0
-20.0 2.0 75.0
-20.0 3.0 75.0
-19.0 3.0 73.0
-18.0 3.0 71.0
-17.0 3.0 75.0
-16.0 3.0 74.0
-15.0 3.0 78.0
-14.0 3.0 75.0
-13.0 3.0 71.0
-12.0 3.0 71.0
-11.0 3.0 71.0
-10.0 3.0 76.0
-9.0 3.0 73.0
-8.0 3.0 65.0
-7.0 3.0 68.0
-6.0 3.0 68.0
-5.0 3.0 69.0
-4.0 3.0 68.0
-3.0 3.0 69.0
-2.0 3.0 68.0
-1.0 3.0 67.0
0.0 3.0 66.0
1.0 3.0 67.0
2.0 3.0 61.0
3.0 3.0 66.0
4.0 3.0 67.0
5.0 3.0 66.0
6.0 3.0 67.0
7.0 3.0 61.0
8.0 3.0 66.0
9.0 3.0 66.0
10.0 3.0 74.0
11.0 3.0 88.0
12.0 3.0 90.0
13.0 3.0 94.0
14.0 3.0 94.0
15.0 3.0 96.0
16.0 3.0 97.0
17.0 3.0 97.0
18.0 3.0 97.0
19.0 3.0 97.0
20.0 3.0 100.0
20.0 4.0 103.0
19.0 4.0 94.0
18.0 4.0 95.0
17.0 4.0 100.0
16.0 4.0 92.0
15.0 4.0 100.0
14.0 4.0 101.0
13.0 4.0 102.0
12.0 4.0 104.0
11.0 4.0 108.0
10.0 4.0 97.0
9.0 4.0 101.0
8.0 4.0 100.0
7.0 4.0 99.0
6.0 4.0 94.0
5.0 4.0 96.0
4.0 4.0 91.0
3.0 4.0 95.0
2.0 4.0 97.0
1.0 4.0 93.0
0.0 4.0 85.0
-1.0 4.0 69.0
-2.0 4.0 63.0
-3.0 4.0 61.0
-4.0 4.0 60.0
-5.0 4.0 62.0
-6.0 4.0 65.0
-7.0 4.0 65.0
-8.0 4.0 62.0
-9.0 4.0 65.0
-10.0 4.0 61.0
-11.0 4.0 63.0
-12.0 4.0 67.0
-13.0 4.0 71.0
-14.0 4.0 76.0
-15.0 4.0 82.0
-16.0 4.0 71.0
-17.0 4.0 69.0
-18.0 4.0 71.0
-19.0 4.0 66.0
-20.0 4.0 79.0
-20.0 5.0 71.0
-19.0 5.0 73.0
-18.0 5.0 73.0
-17.0 5.0 69.0
-16.0 5.0 74.0
-15.0 5.0 75.0
-14.0 5.0 71.0
-13.0 5.0 71.0
-12.0 5.0 67.0
-11.0 5.0 76.0
-10.0 5.0 69.0
-9.0 5.0 72.0
-8.0 5.0 78.0
-7.0 5.0 69.0
-6.0 5.0 76.0
-5.0 5.0 79.0
-4.0 5.0 87.0
-3.0 5.0 78.0
-2.0 5.0 68.0
-1.0 5.0 67.0
0.0 5.0 61.0
1.0 5.0 65.0
2.0 5.0 62.0
3.0 5.0 62.0
4.0 5.0 67.0
5.0 5.0 60.0
6.0 5.0 67.0
7.0 5.0 60.0
8.0 5.0 61.0
9.0 5.0 65.0
10.0 5.0 76.0
11.0 5.0 86.0
12.0 5.0 91.0
13.0 5.0 103.0
14.0 5.0 95.0
15.0 5.0 91.0
16.0 5.0 104.0
17.0 5.0 94.0
18.0 5.0 99.0
19.0 5.0 102.0
20.0 5.0 103.0
20.0 6.0 97.0
19.0 6.0 97.0
18.0 6.0 97.0
17.0 6.0 99.0
16.0 6.0 99.0
15.0 6.0 95.0
14.0 6.0 92.0
13.0 6.0 97.0
12.0 6.0 97.0
11.0 6.0 93.0
10.0 6.0 102.0
9.0 6.0 92.0
8.0 6.0 101.0
7.0 6.0 91.0
6.0 6.0 100.0
5.0 6.0 93.0
4.0 6.0 102.0
3.0 6.0 97.0
2.0 6.0 97.0
1.0 6.0 86.0
0.0 6.0 80.0
-1.0 6.0 72.0
-2.0 6.0 72.0
-3.0 6.0 61.0
-4.0 6.0 59.0
-5.0 6.0 60.0
-6.0 6.0 62.0
-7.0 6.0 60.0
-8.0 6.0 63.0
-9.0 6.0 62.0
-10.0 6.0 59.0
-11.0 6.0 67.0
-12.0 6.0 65.0
-13.0 6.0 71.0
-14.0 6.0 73.0
-15.0 6.0 79.0
-16.0 6.0 88.0
-17.0 6.0 71.0
-18.0 6.0 71.0
-19.0 6.0 76.0
-20.0 6.0 77.0
-20.0 7.0 78.0
-19.0 7.0 78.0
-18.0 7.0 80.0
-17.0 7.0 65.0
-16.0 7.0 73.0
-15.0 7.0 0.0
-14.0 7.0 74.0
-13.0 7.0 68.0
-12.0 7.0 88.0
-11.0 7.0 75.0
-10.0 7.0 78.0
-9.0 7.0 76.0
-8.0 7.0 71.0
-7.0 7.0 84.0
-6.0 7.0 77.0
-5.0 7.0 77.0
-4.0 7.0 79.0
-3.0 7.0 71.0
-2.0 7.0 69.0
-1.0 7.0 61.0
0.0 7.0 78.0
1.0 7.0 68.0
2.0 7.0 68.0
3.0 7.0 66.0
4.0 7.0 63.0
5.0 7.0 60.0
6.0 7.0 66.0
7.0 7.0 59.0
8.0 7.0 65.0
9.0 7.0 69.0
10.0 7.0 72.0
11.0 7.0 88.0
12.0 7.0 100.0
13.0 7.0 103.0
14.0 7.0 104.0
15.0 7.0 96.0
16.0 7.0 90.0
17.0 7.0 101.0
18.0 7.0 108.0
19.0 7.0 101.0
20.0 7.0 104.0
20.0 8.0 108.0
19.0 8.0 105.0
18.0 8.0 102.0
17.0 8.0 95.0
16.0 8.0 90.0
15.0 8.0 90.0
14.0 8.0 95.0
13.0 8.0 90.0
12.0 8.0 90.0
11.0 8.0 99.0
10.0 8.0 96.0
9.0 8.0 104.0
8.0 8.0 103.0
7.0 8.0 100.0
6.0 8.0 100.0
5.0 8.0 91.0
4.0 8.0 99.0
3.0 8.0 104.0
2.0 8.0 96.0
1.0 8.0 94.0
0.0 8.0 93.0
-1.0 8.0 80.0
-2.0 8.0 67.0
-3.0 8.0 59.0
-4.0 8.0 59.0
-5.0 8.0 61.0
-6.0 8.0 65.0
-7.0 8.0 60.0
-8.0 8.0 57.0
-9.0 8.0 71.0
-10.0 8.0 66.0
-11.0 8.0 74.0
-12.0 8.0 72.0
-13.0 8.0 76.0
-14.0 8.0 75.0
-15.0 8.0 0.0
-16.0 8.0 0.0
-17.0 8.0 0.0
-18.0 8.0 0.0
-19.0 8.0 0.0
-20.0 8.0 0.0
-20.0 9.0 0.0
-19.0 9.0 0.0
-18.0 9.0 0.0
-17.0 9.0 0.0
-16.0 9.0 0.0
-15.0 9.0 0.0
-14.0 9.0 0.0
-13.0 9.0 0.0
-12.0 9.0 0.0
-11.0 9.0 0.0
-10.0 9.0 0.0
-9.0 9.0 73.0
-8.0 9.0 0.0
-7.0 9.0 63.0
-6.0 9.0 0.0
-5.0 9.0 84.0
-4.0 9.0 74.0
-3.0 9.0 78.0
-2.0 9.0 69.0
-1.0 9.0 69.0
0.0 9.0 66.0
1.0 9.0 59.0
2.0 9.0 61.0
3.0 9.0 69.0
4.0 9.0 61.0
5.0 9.0 58.0
6.0 9.0 60.0
7.0 9.0 61.0
8.0 9.0 61.0
9.0 9.0 71.0
10.0 9.0 77.0
11.0 9.0 91.0
12.0 9.0 93.0
13.0 9.0 101.0
14.0 9.0 97.0
15.0 9.0 92.0
16.0 9.0 97.0
17.0 9.0 93.0
18.0 9.0 102.0
19.0 9.0 94.0
20.0 9.0 90.0
20.0 10.0 91.0
19.0 10.0 94.0
18.0 10.0 90.0
17.0 10.0 83.0
16.0 10.0 83.0
15.0 10.0 85.0
14.0 10.0 80.0
13.0 10.0 80.0
12.0 10.0 85.0
11.0 10.0 100.0
10.0 10.0 92.0
9.0 10.0 92.0
8.0 10.0 99.0
7.0 10.0 92.0
6.0 10.0 95.0
5.0 10.0 103.0
4.0 10.0 100.0
3.0 10.0 93.0
2.0 10.0 101.0
1.0 10.0 90.0
0.0 10.0 91.0
-1.0 10.0 84.0
-2.0 10.0 74.0
-3.0 10.0 69.0
-4.0 10.0 62.0
-5.0 10.0 67.0
-6.0 10.0 63.0
-7.0 10.0 61.0
-8.0 10.0 56.0
-9.0 10.0 62.0
-10.0 10.0 68.0
-11.0 10.0 57.0
-12.0 10.0 76.0
-13.0 10.0 82.0
-14.0 10.0 0.0
-15.0 10.0 0.0
-16.0 10.0 0.0
-17.0 10.0 0.0
-18.0 10.0 0.0
-19.0 10.0 0.0
-20.0 10.0 0.0
-20.0 11.0 0.0
-19.0 11.0 0.0
-18.0 11.0 0.0
-17.0 11.0 0.0
-16.0 11.0 0.0
-15.0 11.0 0.0
-14.0 11.0 0.0
-13.0 11.0 0.0
-12.0 11.0 0.0
-11.0 11.0 0.0
-10.0 11.0 0.0
-9.0 11.0 0.0
-8.0 11.0 0.0
-7.0 11.0 0.0
-6.0 11.0 0.0
-5.0 11.0 71.0
-4.0 11.0 78.0
-3.0 11.0 83.0
-2.0 11.0 0.0
-1.0 11.0 61.0
0.0 11.0 61.0
1.0 11.0 56.0
2.0 11.0 58.0
3.0 11.0 58.0
4.0 11.0 61.0
5.0 11.0 61.0
6.0 11.0 66.0
7.0 11.0 60.0
8.0 11.0 60.0
9.0 11.0 88.0
10.0 11.0 83.0
11.0 11.0 82.0
12.0 11.0 90.0
13.0 11.0 94.0
14.0 11.0 99.0
15.0 11.0 94.0
16.0 11.0 96.0
17.0 11.0 82.0
18.0 11.0 94.0
19.0 11.0 85.0
20.0 11.0 90.0
20.0 12.0 0.0
19.0 12.0 86.0
18.0 12.0 85.0
17.0 12.0 83.0
16.0 12.0 0.0
15.0 12.0 76.0
14.0 12.0 69.0
13.0 12.0 0.0
12.0 12.0 0.0
11.0 12.0 87.0
10.0 12.0 88.0
9.0 12.0 0.0
8.0 12.0 74.0
7.0 12.0 78.0
6.0 12.0 86.0
5.0 12.0 83.0
4.0 12.0 0.0
3.0 12.0 79.0
2.0 12.0 91.0
1.0 12.0 86.0
0.0 12.0 84.0
-1.0 12.0 69.0
-2.0 12.0 56.0
-3.0 12.0 59.0
-4.0 12.0 66.0
-5.0 12.0 71.0
-6.0 12.0 60.0
-7.0 12.0 61.0
-8.0 12.0 57.0
-9.0 12.0 59.0
-10.0 12.0 67.0
-11.0 12.0 78.0
-12.0 12.0 71.0
-13.0 12.0 72.0
-14.0 12.0 0.0
-15.0 12.0 0.0
-16.0 12.0 0.0
-17.0 12.0 0.0
-18.0 12.0 0.0
-19.0 12.0 0.0
-20.0 12.0 0.0
-20.0 13.0 0.0
-19.0 13.0 0.0
-18.0 13.0 0.0
-17.0 13.0 0.0
-16.0 13.0 0.0
-15.0 13.0 0.0
-14.0 13.0 0.0
-13.0 13.0 0.0
-12.0 13.0 0.0
-11.0 13.0 0.0
-10.0 13.0 0.0
-9.0 13.0 0.0
-8.0 13.0 0.0
-7.0 13.0 0.0
-6.0 13.0 0.0
-5.0 13.0 0.0
-4.0 13.0 0.0
-3.0 13.0 0.0
-2.0 13.0 67.0
-1.0 13.0 80.0
0.0 13.0 52.0
1.0 13.0 66.0
2.0 13.0 57.0
3.0 13.0 57.0
4.0 13.0 50.0
5.0 13.0 56.0
6.0 13.0 65.0
7.0 13.0 67.0
8.0 13.0 69.0
9.0 13.0 69.0
10.0 13.0 80.0
11.0 13.0 72.0
12.0 13.0 78.0
13.0 13.0 78.0
14.0 13.0 0.0
15.0 13.0 90.0
16.0 13.0 88.0
17.0 13.0 82.0
18.0 13.0 78.0
19.0 13.0 0.0
20.0 13.0 73.0
20.0 14.0 75.0
19.0 14.0 78.0
18.0 14.0 69.0
17.0 14.0 76.0
16.0 14.0 79.0
15.0 14.0 50.0
14.0 14.0 72.0
13.0 14.0 73.0
12.0 14.0 65.0
11.0 14.0 69.0
10.0 14.0 72.0
9.0 14.0 0.0
8.0 14.0 76.0
7.0 14.0 82.0
6.0 14.0 75.0
5.0 14.0 77.0
4.0 14.0 0.0
3.0 14.0 0.0
2.0 14.0 75.0
1.0 14.0 0.0
0.0 14.0 62.0
-1.0 14.0 60.0
-2.0 14.0 50.0
-3.0 14.0 45.0
-4.0 14.0 59.0
-5.0 14.0 52.0
-6.0 14.0 59.0
-7.0 14.0 60.0
-8.0 14.0 54.0
-9.0 14.0 59.0
-10.0 14.0 53.0
-11.0 14.0 54.0
-12.0 14.0 0.0
-13.0 14.0 60.0
-14.0 14.0 0.0
-15.0 14.0 0.0
-16.0 14.0 0.0
-17.0 14.0 0.0
-18.0 14.0 0.0
-19.0 14.0 0.0
-20.0 14.0 0.0
-20.0 15.0 0.0
-19.0 15.0 0.0
-18.0 15.0 0.0
-17.0 15.0 0.0
-16.0 15.0 0.0
-15.0 15.0 0.0
-14.0 15.0 0.0
-13.0 15.0 0.0
-12.0 15.0 0.0
-11.0 15.0 0.0
-10.0 15.0 0.0
-9.0 15.0 0.0
-8.0 15.0 0.0
-7.0 15.0 0.0
-6.0 15.0 0.0
-5.0 15.0 0.0
-4.0 15.0 69.0
-3.0 15.0 0.0
-2.0 15.0 0.0
-1.0 15.0 0.0
0.0 15.0 62.0
1.0 15.0 69.0
2.0 15.0 54.0
3.0 15.0 62.0
4.0 15.0 57.0
5.0 15.0 52.0
6.0 15.0 68.0
7.0 15.0 55.0
8.0 15.0 65.0
9.0 15.0 0.0
10.0 15.0 69.0
11.0 15.0 62.0
12.0 15.0 69.0
13.0 15.0 0.0
14.0 15.0 0.0
15.0 15.0 0.0
16.0 15.0 73.0
17.0 15.0 0.0
18.0 15.0 0.0
19.0 15.0 74.0
20.0 15.0 0.0
20.0 16.0 0.0
19.0 16.0 0.0
18.0 16.0 0.0
17.0 16.0 74.0
16.0 16.0 49.0
15.0 16.0 62.0
14.0 16.0 60.0
13.0 16.0 61.0
12.0 16.0 54.0
11.0 16.0 66.0
10.0 16.0 59.0
9.0 16.0 69.0
8.0 16.0 68.0
7.0 16.0 69.0
6.0 16.0 0.0
5.0 16.0 0.0
4.0 16.0 0.0
3.0 16.0 61.0
2.0 16.0 0.0
1.0 16.0 54.0
0.0 16.0 0.0
-1.0 16.0 61.0
-2.0 16.0 55.0
-3.0 16.0 59.0
-4.0 16.0 45.0
-5.0 16.0 62.0
-6.0 16.0 56.0
-7.0 16.0 46.0
-8.0 16.0 54.0
-9.0 16.0 52.0
-10.0 16.0 61.0
-11.0 16.0 0.0
-12.0 16.0 0.0
-13.0 16.0 0.0
-14.0 16.0 0.0
-15.0 16.0 0.0
-16.0 16.0 0.0
-17.0 16.0 0.0
-18.0 16.0 0.0
-19.0 16.0 0.0
-20.0 16.0 0.0
-20.0 17.0 0.0
-19.0 17.0 0.0
-18.0 17.0 0.0
-17.0 17.0 0.0
-16.0 17.0 0.0
-15.0 17.0 0.0
-14.0 17.0 0.0
-13.0 17.0 0.0
-12.0 17.0 0.0
-11.0 17.0 0.0
-10.0 17.0 0.0
-9.0 17.0 0.0
-8.0 17.0 0.0
-7.0 17.0 0.0
-6.0 17.0 0.0
-5.0 17.0 46.0
-4.0 17.0 0.0
-3.0 17.0 55.0
-2.0 17.0 56.0
-1.0 17.0 52.0
0.0 17.0 56.0
1.0 17.0 59.0
2.0 17.0 59.0
3.0 17.0 53.0
4.0 17.0 52.0
5.0 17.0 46.0
6.0 17.0 52.0
7.0 17.0 58.0
8.0 17.0 48.0
9.0 17.0 58.0
10.0 17.0 0.0
11.0 17.0 0.0
12.0 17.0 65.0
13.0 17.0 0.0
14.0 17.0 0.0
15.0 17.0 0.0
16.0 17.0 59.0
17.0 17.0 63.0
18.0 17.0 57.0
19.0 17.0 71.0
20.0 17.0 0.0
20.0 18.0 0.0
19.0 18.0 60.0
18.0 18.0 55.0
17.0 18.0 45.0
16.0 18.0 50.0
15.0 18.0 43.0
14.0 18.0 53.0
13.0 18.0 54.0
12.0 18.0 56.0
11.0 18.0 58.0
10.0 18.0 50.0
9.0 18.0 59.0
8.0 18.0 0.0
7.0 18.0 0.0
6.0 18.0 67.0
5.0 18.0 0.0
4.0 18.0 62.0
3.0 18.0 0.0
2.0 18.0 59.0
1.0 18.0 4621.0
0.0 18.0 0.0
-1.0 18.0 60.0
-2.0 18.0 50.0
-3.0 18.0 46.0
-4.0 18.0 50.0
-5.0 18.0 65.0
-6.0 18.0 52.0
-7.0 18.0 54.0
-8.0 18.0 44.0
-9.0 18.0 65.0
-10.0 18.0 60.0
-11.0 18.0 0.0
-12.0 18.0 0.0
-13.0 18.0 0.0
-14.0 18.0 0.0
-15.0 18.0 0.0
-16.0 18.0 0.0
-17.0 18.0 0.0
-18.0 18.0 0.0
-19.0 18.0 0.0
-20.0 18.0 0.0
-20.0 19.0 0.0
-19.0 19.0 0.0
-18.0 19.0 0.0
-17.0 19.0 0.0
-16.0 19.0 0.0
-15.0 19.0 0.0
-14.0 19.0 0.0
-13.0 19.0 0.0
-12.0 19.0 0.0
-11.0 19.0 0.0
-10.0 19.0 0.0
-9.0 19.0 0.0
-8.0 19.0 0.0
-7.0 19.0 0.0
-6.0 19.0 0.0
-5.0 19.0 0.0
-4.0 19.0 0.0
-3.0 19.0 56.0
-2.0 19.0 0.0
-1.0 19.0 0.0
0.0 19.0 54.0
1.0 19.0 62.0
2.0 19.0 49.0
3.0 19.0 50.0
4.0 19.0 52.0
5.0 19.0 50.0
6.0 19.0 52.0
7.0 19.0 50.0
8.0 19.0 50.0
9.0 19.0 62.0
10.0 19.0 42.0
11.0 19.0 61.0
12.0 19.0 58.0
13.0 19.0 0.0
14.0 19.0 62.0
15.0 19.0 0.0
16.0 19.0 0.0
17.0 19.0 0.0
18.0 19.0 0.0
19.0 19.0 52.0
20.0 19.0 0.0
20.0 20.0 0.0
19.0 20.0 0.0
18.0 20.0 52.0
17.0 20.0 0.0
16.0 20.0 0.0
15.0 20.0 57.0
14.0 20.0 43.0
13.0 20.0 0.0
12.0 20.0 50.0
11.0 20.0 62.0
10.0 20.0 50.0
9.0 20.0 0.0
8.0 20.0 58.0
7.0 20.0 74.0
6.0 20.0 0.0
5.0 20.0 0.0
4.0 20.0 0.0
3.0 20.0 0.0
2.0 20.0 67.0
1.0 20.0 57.0
0.0 20.0 56.0
-1.0 20.0 0.0
-2.0 20.0 0.0
-3.0 20.0 52.0
-4.0 20.0 49.0
-5.0 20.0 54.0
-6.0 20.0 57.0
-7.0 20.0 55.0
-8.0 20.0 57.0
-9.0 20.0 50.0
-10.0 20.0 49.0
-11.0 20.0 49.0
-12.0 20.0 0.0
-13.0 20.0 0.0
-14.0 20.0 0.0
-15.0 20.0 0.0
-16.0 20.0 0.0
-17.0 20.0 0.0
-18.0 20.0 0.0
-19.0 20.0 0.0
-20.0 20.0 0.0
-20.0 21.0 0.0
-19.0 21.0 0.0
-18.0 21.0 0.0
-17.0 21.0 0.0
-16.0 21.0 0.0
-15.0 21.0 0.0
-14.0 21.0 0.0
-13.0 21.0 0.0
-12.0 21.0 0.0
-11.0 21.0 0.0
-10.0 21.0 0.0
-9.0 21.0 0.0
-8.0 21.0 0.0
-7.0 21.0 0.0
-6.0 21.0 45.0
-5.0 21.0 0.0
-4.0 21.0 56.0
-3.0 21.0 61.0
-2.0 21.0 55.0
-1.0 21.0 0.0
0.0 21.0 50.0
1.0 21.0 45.0
2.0 21.0 46.0
3.0 21.0 48.0
4.0 21.0 52.0
5.0 21.0 52.0
6.0 21.0 44.0
7.0 21.0 54.0
8.0 21.0 0.0
9.0 21.0 55.0
10.0 21.0 52.0
11.0 21.0 50.0
12.0 21.0 60.0
13.0 21.0 58.0
14.0 21.0 58.0
15.0 21.0 0.0
16.0 21.0 54.0
17.0 21.0 0.0
18.0 21.0 0.0
19.0 21.0 0.0
20.0 21.0 0.0
