20.0 -20.0 43.0
19.0 -20.0 0.0
18.0 -20.0 0.0
17.0 -20.0 100.0
16.0 -20.0 90.0
15.0 -20.0 89.0
14.0 -20.0 125.0
13.0 -20.0 121.0
12.0 -20.0 119.0
11.0 -20.0 121.0
10.0 -20.0 119.0
9.0 -20.0 124.0
8.0 -20.0 119.0
7.0 -20.0 119.0
6.0 -20.0 117.0
5.0 -20.0 119.0
4.0 -20.0 119.0
3.0 -20.0 117.0
2.0 -20.0 119.0
1.0 -20.0 120.0
0.0 -20.0 117.0
-1.0 -20.0 119.0
-2.0 -20.0 121.0
-3.0 -20.0 119.0
-4.0 -20.0 115.0
-5.0 -20.0 112.0
-6.0 -20.0 113.0
-7.0 -20.0 90.0
-8.0 -20.0 53.0
-9.0 -20.0 41.0
-10.0 -20.0 48.0
-11.0 -20.0 43.0
-12.0 -20.0 43.0
-13.0 -20.0 48.0
-14.0 -20.0 77.0
-15.0 -20.0 48.0
-16.0 -20.0 99.0
-17.0 -20.0 104.0
-18.0 -20.0 104.0
-19.0 -20.0 109.0
-20.0 -20.0 103.0
-20.0 -19.0 120.0
-19.0 -19.0 121.0
-18.0 -19.0 120.0
-17.0 -19.0 112.0
-16.0 -19.0 119.0
-15.0 -19.0 115.0
-14.0 -19.0 115.0
-13.0 -19.0 121.0
-12.0 -19.0 114.0
-11.0 -19.0 114.0
-10.0 -19.0 123.0
-9.0 -19.0 120.0
-8.0 -19.0 103.0
-7.0 -19.0 102.0
-6.0 -19.0 45.0
-5.0 -19.0 48.0
-4.0 -19.0 45.0
-3.0 -19.0 48.0
-2.0 -19.0 49.0
-1.0 -19.0 57.0
0.0 -19.0 44.0
1.0 -19.0 44.0
2.0 -19.0 59.0
3.0 -19.0 60.0
4.0 -19.0 66.0
5.0 -19.0 90.0
6.0 -19.0 113.0
7.0 -19.0 113.0
8.0 -19.0 114.0
9.0 -19.0 115.0
10.0 -19.0 117.0
11.0 -19.0 114.0
12.0 -19.0 119.0
13.0 -19.0 127.0
14.0 -19.0 120.0
15.0 -19.0 117.0
16.0 -19.0 115.0
17.0 -19.0 119.0
18.0 -19.0 119.0
19.0 -19.0 120.0
20.0 -19.0 119.0
20.0 -18.0 119.0
19.0 -18.0 120.0
18.0 -18.0 123.0
17.0 -18.0 120.0
16.0 -18.0 121.0
15.0 -18.0 120.0
14.0 -18.0 120.0
13.0 -18.0 121.0
12.0 -18.0 119.0
11.0 -18.0 126.0
10.0 -18.0 122.0
9.0 -18.0 119.0
8.0 -18.0 120.0
7.0 -18.0 119.0
6.0 -18.0 115.0
5.0 -18.0 121.0
4.0 -18.0 117.0
3.0 -18.0 117.0
2.0 -18.0 115.0
1.0 -18.0 114.0
0.0 -18.0 117.0
-1.0 -18.0 115.0
-2.0 -18.0 115.0
-3.0 -18.0 117.0
-4.0 -18.0 123.0
-5.0 -18.0 105.0
-6.0 -18.0 95.0
-7.0 -18.0 55.0
-8.0 -18.0 52.0
-9.0 -18.0 43.0
-10.0 -18.0 44.0
-11.0 -18.0 43.0
-12.0 -18.0 40.0
-13.0 -18.0 72.0
-14.0 -18.0 49.0
-15.0 -18.0 61.0
-16.0 -18.0 102.0
-17.0 -18.0 104.0
-18.0 -18.0 101.0
-19.0 -18.0 102.0
-20.0 -18.0 105.0
-20.0 -17.0 120.0
-19.0 -17.0 121.0
-18.0 -17.0 115.0
-17.0 -17.0 119.0
-16.0 -17.0 119.0
-15.0 -17.0 112.0
-14.0 -17.0 119.0
-13.0 -17.0 117.0
-12.0 -17.0 114.0
-11.0 -17.0 115.0
-10.0 -17.0 113.0
-9.0 -17.0 119.0
-8.0 -17.0 103.0
-7.0 -17.0 99.0
-6.0 -17.0 63.0
-5.0 -17.0 46.0
-4.0 -17.0 49.0
-3.0 -17.0 62.0
-2.0 -17.0 63.0
-1.0 -17.0 53.0
0.0 -17.0 42.0
1.0 -17.0 44.0
2.0 -17.0 49.0
3.0 -17.0 70.0
4.0 -17.0 84.0
5.0 -17.0 96.0
6.0 -17.0 104.0
7.0 -17.0 115.0
8.0 -17.0 117.0
9.0 -17.0 120.0
10.0 -17.0 119.0
11.0 -17.0 121.0
12.0 -17.0 120.0
13.0 -17.0 119.0
14.0 -17.0 124.0
15.0 -17.0 119.0
16.0 -17.0 117.0
17.0 -17.0 117.0
18.0 -17.0 127.0
19.0 -17.0 122.0
20.0 -17.0 120.0
20.0 -16.0 120.0
19.0 -16.0 120.0
18.0 -16.0 123.0
17.0 -16.0 121.0
16.0 -16.0 119.0
15.0 -16.0 121.0
14.0 -16.0 121.0
13.0 -16.0 122.0
12.0 -16.0 120.0
11.0 -16.0 122.0
10.0 -16.0 126.0
9.0 -16.0 119.0
8.0 -16.0 119.0
7.0 -16.0 119.0
6.0 -16.0 120.0
5.0 -16.0 117.0
4.0 -16.0 120.0
3.0 -16.0 119.0
2.0 -16.0 119.0
1.0 -16.0 120.0
0.0 -16.0 115.0
-1.0 -16.0 126.0
-2.0 -16.0 117.0
-3.0 -16.0 114.0
-4.0 -16.0 113.0
-5.0 -16.0 96.0
-6.0 -16.0 85.0
-7.0 -16.0 57.0
-8.0 -16.0 54.0
-9.0 -16.0 43.0
-10.0 -16.0 45.0
-11.0 -16.0 45.0
-12.0 -16.0 42.0
-13.0 -16.0 50.0
-14.0 -16.0 59.0
-15.0 -16.0 50.0
-16.0 -16.0 73.0
-17.0 -16.0 97.0
-18.0 -16.0 103.0
-19.0 -16.0 99.0
-20.0 -16.0 108.0
-20.0 -15.0 122.0
-19.0 -15.0 124.0
-18.0 -15.0 113.0
-17.0 -15.0 119.0
-16.0 -15.0 109.0
-15.0 -15.0 113.0
-14.0 -15.0 117.0
-13.0 -15.0 120.0
-12.0 -15.0 119.0
-11.0 -15.0 117.0
-10.0 -15.0 114.0
-9.0 -15.0 123.0
-8.0 -15.0 122.0
-7.0 -15.0 102.0
-6.0 -15.0 66.0
-5.0 -15.0 48.0
-4.0 -15.0 48.0
-3.0 -15.0 48.0
-2.0 -15.0 49.0
-1.0 -15.0 53.0
0.0 -15.0 42.0
1.0 -15.0 45.0
2.0 -15.0 48.0
3.0 -15.0 52.0
4.0 -15.0 69.0
5.0 -15.0 92.0
6.0 -15.0 104.0
7.0 -15.0 110.0
8.0 -15.0 115.0
9.0 -15.0 117.0
10.0 -15.0 114.0
11.0 -15.0 125.0
12.0 -15.0 119.0
13.0 -15.0 114.0
14.0 -15.0 117.0
15.0 -15.0 122.0
16.0 -15.0 119.0
17.0 -15.0 120.0
18.0 -15.0 117.0
19.0 -15.0 119.0
20.0 -15.0 120.0
20.0 -14.0 120.0
19.0 -14.0 120.0
18.0 -14.0 121.0
17.0 -14.0 120.0
16.0 -14.0 121.0
15.0 -14.0 123.0
14.0 -14.0 121.0
13.0 -14.0 122.0
12.0 -14.0 123.0
11.0 -14.0 123.0
10.0 -14.0 119.0
9.0 -14.0 121.0
8.0 -14.0 119.0
7.0 -14.0 120.0
6.0 -14.0 119.0
5.0 -14.0 120.0
4.0 -14.0 120.0
3.0 -14.0 117.0
2.0 -14.0 119.0
1.0 -14.0 120.0
0.0 -14.0 117.0
-1.0 -14.0 120.0
-2.0 -14.0 119.0
-3.0 -14.0 115.0
-4.0 -14.0 114.0
-5.0 -14.0 91.0
-6.0 -14.0 69.0
-7.0 -14.0 55.0
-8.0 -14.0 54.0
-9.0 -14.0 54.0
-10.0 -14.0 45.0
-11.0 -14.0 49.0
-12.0 -14.0 42.0
-13.0 -14.0 43.0
-14.0 -14.0 52.0
-15.0 -14.0 46.0
-16.0 -14.0 52.0
-17.0 -14.0 88.0
-18.0 -14.0 92.0
-19.0 -14.0 107.0
-20.0 -14.0 103.0
-20.0 -13.0 122.0
-19.0 -13.0 121.0
-18.0 -13.0 117.0
-17.0 -13.0 121.0
-16.0 -13.0 120.0
-15.0 -13.0 117.0
-14.0 -13.0 117.0
-13.0 -13.0 113.0
-12.0 -13.0 113.0
-11.0 -13.0 121.0
-10.0 -13.0 121.0
-9.0 -13.0 122.0
-8.0 -13.0 108.0
-7.0 -13.0 101.0
-6.0 -13.0 96.0
-5.0 -13.0 49.0
-4.0 -13.0 48.0
-3.0 -13.0 59.0
-2.0 -13.0 63.0
-1.0 -13.0 46.0
0.0 -13.0 45.0
1.0 -13.0 48.0
2.0 -13.0 53.0
3.0 -13.0 57.0
4.0 -13.0 59.0
5.0 -13.0 59.0
6.0 -13.0 79.0
7.0 -13.0 91.0
8.0 -13.0 113.0
9.0 -13.0 114.0
10.0 -13.0 117.0
11.0 -13.0 115.0
12.0 -13.0 125.0
13.0 -13.0 119.0
14.0 -13.0 119.0
15.0 -13.0 120.0
16.0 -13.0 124.0
17.0 -13.0 117.0
18.0 -13.0 115.0
19.0 -13.0 120.0
20.0 -13.0 120.0
20.0 -12.0 122.0
19.0 -12.0 119.0
18.0 -12.0 121.0
17.0 -12.0 121.0
16.0 -12.0 122.0
15.0 -12.0 121.0
14.0 -12.0 124.0
13.0 -12.0 120.0
12.0 -12.0 127.0
11.0 -12.0 125.0
10.0 -12.0 122.0
9.0 -12.0 122.0
8.0 -12.0 122.0
7.0 -12.0 117.0
6.0 -12.0 115.0
5.0 -12.0 121.0
4.0 -12.0 115.0
3.0 -12.0 120.0
2.0 -12.0 117.0
1.0 -12.0 117.0
0.0 -12.0 119.0
-1.0 -12.0 120.0
-2.0 -12.0 117.0
-3.0 -12.0 110.0
-4.0 -12.0 96.0
-5.0 -12.0 77.0
-6.0 -12.0 71.0
-7.0 -12.0 68.0
-8.0 -12.0 54.0
-9.0 -12.0 56.0
-10.0 -12.0 49.0
-11.0 -12.0 52.0
-12.0 -12.0 43.0
-13.0 -12.0 48.0
-14.0 -12.0 56.0
-15.0 -12.0 50.0
-16.0 -12.0 86.0
-17.0 -12.0 88.0
-18.0 -12.0 96.0
-19.0 -12.0 107.0
-20.0 -12.0 105.0
-20.0 -11.0 122.0
-19.0 -11.0 122.0
-18.0 -11.0 114.0
-17.0 -11.0 117.0
-16.0 -11.0 113.0
-15.0 -11.0 120.0
-14.0 -11.0 113.0
-13.0 -11.0 117.0
-12.0 -11.0 113.0
-11.0 -11.0 119.0
-10.0 -11.0 121.0
-9.0 -11.0 105.0
-8.0 -11.0 101.0
-7.0 -11.0 54.0
-6.0 -11.0 46.0
-5.0 -11.0 49.0
-4.0 -11.0 45.0
-3.0 -11.0 50.0
-2.0 -11.0 48.0
-1.0 -11.0 46.0
0.0 -11.0 45.0
1.0 -11.0 44.0
2.0 -11.0 56.0
3.0 -11.0 55.0
4.0 -11.0 53.0
5.0 -11.0 62.0
6.0 -11.0 72.0
7.0 -11.0 90.0
8.0 -11.0 110.0
9.0 -11.0 119.0
10.0 -11.0 119.0
11.0 -11.0 114.0
12.0 -11.0 119.0
13.0 -11.0 117.0
14.0 -11.0 120.0
15.0 -11.0 119.0
16.0 -11.0 120.0
17.0 -11.0 122.0
18.0 -11.0 117.0
19.0 -11.0 122.0
20.0 -11.0 122.0
20.0 -10.0 120.0
19.0 -10.0 119.0
18.0 -10.0 119.0
17.0 -10.0 123.0
16.0 -10.0 122.0
15.0 -10.0 121.0
14.0 -10.0 122.0
13.0 -10.0 120.0
12.0 -10.0 122.0
11.0 -10.0 129.0
10.0 -10.0 122.0
9.0 -10.0 122.0
8.0 -10.0 121.0
7.0 -10.0 120.0
6.0 -10.0 113.0
5.0 -10.0 115.0
4.0 -10.0 123.0
3.0 -10.0 119.0
2.0 -10.0 120.0
1.0 -10.0 115.0
0.0 -10.0 123.0
-1.0 -10.0 117.0
-2.0 -10.0 112.0
-3.0 -10.0 113.0
-4.0 -10.0 79.0
-5.0 -10.0 71.0
-6.0 -10.0 65.0
-7.0 -10.0 53.0
-8.0 -10.0 53.0
-9.0 -10.0 48.0
-10.0 -10.0 42.0
-11.0 -10.0 44.0
-12.0 -10.0 46.0
-13.0 -10.0 43.0
-14.0 -10.0 52.0
-15.0 -10.0 49.0
-16.0 -10.0 93.0
-17.0 -10.0 99.0
-18.0 -10.0 99.0
-19.0 -10.0 105.0
-20.0 -10.0 107.0
-20.0 -9.0 129.0
-19.0 -9.0 120.0
-18.0 -9.0 115.0
-17.0 -9.0 113.0
-16.0 -9.0 113.0
-15.0 -9.0 115.0
-14.0 -9.0 115.0
-13.0 -9.0 117.0
-12.0 -9.0 115.0
-11.0 -9.0 119.0
-10.0 -9.0 117.0
-9.0 -9.0 122.0
-8.0 -9.0 103.0
-7.0 -9.0 92.0
-6.0 -9.0 72.0
-5.0 -9.0 67.0
-4.0 -9.0 50.0
-3.0 -9.0 50.0
-2.0 -9.0 43.0
-1.0 -9.0 44.0
0.0 -9.0 46.0
1.0 -9.0 49.0
2.0 -9.0 49.0
3.0 -9.0 49.0
4.0 -9.0 49.0
5.0 -9.0 50.0
6.0 -9.0 65.0
7.0 -9.0 85.0
8.0 -9.0 113.0
9.0 -9.0 114.0
10.0 -9.0 115.0
11.0 -9.0 117.0
12.0 -9.0 117.0
13.0 -9.0 115.0
14.0 -9.0 122.0
15.0 -9.0 120.0
16.0 -9.0 119.0
17.0 -9.0 115.0
18.0 -9.0 119.0
19.0 -9.0 114.0
20.0 -9.0 119.0
20.0 -8.0 121.0
19.0 -8.0 121.0
18.0 -8.0 129.0
17.0 -8.0 122.0
16.0 -8.0 122.0
15.0 -8.0 122.0
14.0 -8.0 122.0
13.0 -8.0 123.0
12.0 -8.0 121.0
11.0 -8.0 122.0
10.0 -8.0 122.0
9.0 -8.0 120.0
8.0 -8.0 121.0
7.0 -8.0 120.0
6.0 -8.0 119.0
5.0 -8.0 117.0
4.0 -8.0 119.0
3.0 -8.0 117.0
2.0 -8.0 115.0
1.0 -8.0 117.0
0.0 -8.0 117.0
-1.0 -8.0 115.0
-2.0 -8.0 112.0
-3.0 -8.0 75.0
-4.0 -8.0 65.0
-5.0 -8.0 62.0
-6.0 -8.0 50.0
-7.0 -8.0 48.0
-8.0 -8.0 46.0
-9.0 -8.0 55.0
-10.0 -8.0 44.0
-11.0 -8.0 48.0
-12.0 -8.0 48.0
-13.0 -8.0 42.0
-14.0 -8.0 43.0
-15.0 -8.0 49.0
-16.0 -8.0 53.0
-17.0 -8.0 95.0
-18.0 -8.0 101.0
-19.0 -8.0 108.0
-20.0 -8.0 115.0
-20.0 -7.0 122.0
-19.0 -7.0 120.0
-18.0 -7.0 115.0
-17.0 -7.0 119.0
-16.0 -7.0 120.0
-15.0 -7.0 120.0
-14.0 -7.0 120.0
-13.0 -7.0 119.0
-12.0 -7.0 119.0
-11.0 -7.0 122.0
-10.0 -7.0 120.0
-9.0 -7.0 120.0
-8.0 -7.0 117.0
-7.0 -7.0 97.0
-6.0 -7.0 46.0
-5.0 -7.0 49.0
-4.0 -7.0 49.0
-3.0 -7.0 49.0
-2.0 -7.0 49.0
-1.0 -7.0 45.0
0.0 -7.0 42.0
1.0 -7.0 43.0
2.0 -7.0 46.0
3.0 -7.0 46.0
4.0 -7.0 46.0
5.0 -7.0 46.0
6.0 -7.0 46.0
7.0 -7.0 49.0
8.0 -7.0 52.0
9.0 -7.0 58.0
10.0 -7.0 115.0
11.0 -7.0 113.0
12.0 -7.0 115.0
13.0 -7.0 115.0
14.0 -7.0 114.0
15.0 -7.0 115.0
16.0 -7.0 115.0
17.0 -7.0 119.0
18.0 -7.0 115.0
19.0 -7.0 119.0
20.0 -7.0 121.0
20.0 -6.0 119.0
19.0 -6.0 120.0
18.0 -6.0 120.0
17.0 -6.0 120.0
16.0 -6.0 121.0
15.0 -6.0 123.0
14.0 -6.0 120.0
13.0 -6.0 120.0
12.0 -6.0 122.0
11.0 -6.0 120.0
10.0 -6.0 124.0
9.0 -6.0 120.0
8.0 -6.0 120.0
7.0 -6.0 120.0
6.0 -6.0 120.0
5.0 -6.0 117.0
4.0 -6.0 120.0
3.0 -6.0 114.0
2.0 -6.0 120.0
1.0 -6.0 117.0
0.0 -6.0 115.0
-1.0 -6.0 113.0
-2.0 -6.0 114.0
-3.0 -6.0 55.0
-4.0 -6.0 48.0
-5.0 -6.0 51.0
-6.0 -6.0 46.0
-7.0 -6.0 51.0
-8.0 -6.0 46.0
-9.0 -6.0 48.0
-10.0 -6.0 46.0
-11.0 -6.0 46.0
-12.0 -6.0 44.0
-13.0 -6.0 46.0
-14.0 -6.0 49.0
-15.0 -6.0 50.0
-16.0 -6.0 53.0
-17.0 -6.0 66.0
-18.0 -6.0 86.0
-19.0 -6.0 97.0
-20.0 -6.0 114.0
-20.0 -5.0 120.0
-19.0 -5.0 114.0
-18.0 -5.0 112.0
-17.0 -5.0 120.0
-16.0 -5.0 113.0
-15.0 -5.0 114.0
-14.0 -5.0 109.0
-13.0 -5.0 113.0
-12.0 -5.0 114.0
-11.0 -5.0 119.0
-10.0 -5.0 120.0
-9.0 -5.0 102.0
-8.0 -5.0 80.0
-7.0 -5.0 71.0
-6.0 -5.0 63.0
-5.0 -5.0 58.0
-4.0 -5.0 57.0
-3.0 -5.0 57.0
-2.0 -5.0 54.0
-1.0 -5.0 45.0
0.0 -5.0 44.0
1.0 -5.0 43.0
2.0 -5.0 44.0
3.0 -5.0 45.0
4.0 -5.0 45.0
5.0 -5.0 44.0
6.0 -5.0 46.0
7.0 -5.0 45.0
8.0 -5.0 46.0
9.0 -5.0 48.0
10.0 -5.0 73.0
11.0 -5.0 114.0
12.0 -5.0 114.0
13.0 -5.0 123.0
14.0 -5.0 117.0
15.0 -5.0 120.0
16.0 -5.0 117.0
17.0 -5.0 120.0
18.0 -5.0 119.0
19.0 -5.0 119.0
20.0 -5.0 119.0
20.0 -4.0 121.0
19.0 -4.0 121.0
18.0 -4.0 121.0
17.0 -4.0 123.0
16.0 -4.0 120.0
15.0 -4.0 120.0
14.0 -4.0 122.0
13.0 -4.0 121.0
12.0 -4.0 120.0
11.0 -4.0 127.0
10.0 -4.0 120.0
9.0 -4.0 121.0
8.0 -4.0 121.0
7.0 -4.0 120.0
6.0 -4.0 121.0
5.0 -4.0 115.0
4.0 -4.0 120.0
3.0 -4.0 115.0
2.0 -4.0 115.0
1.0 -4.0 115.0
0.0 -4.0 124.0
-1.0 -4.0 115.0
-2.0 -4.0 101.0
-3.0 -4.0 50.0
-4.0 -4.0 57.0
-5.0 -4.0 49.0
-6.0 -4.0 45.0
-7.0 -4.0 44.0
-8.0 -4.0 44.0
-9.0 -4.0 48.0
-10.0 -4.0 46.0
-11.0 -4.0 45.0
-12.0 -4.0 44.0
-13.0 -4.0 46.0
-14.0 -4.0 49.0
-15.0 -4.0 53.0
-16.0 -4.0 49.0
-17.0 -4.0 54.0
-18.0 -4.0 58.0
-19.0 -4.0 66.0
-20.0 -4.0 84.0
-20.0 -3.0 127.0
-19.0 -3.0 120.0
-18.0 -3.0 119.0
-17.0 -3.0 115.0
-16.0 -3.0 120.0
-15.0 -3.0 114.0
-14.0 -3.0 114.0
-13.0 -3.0 117.0
-12.0 -3.0 121.0
-11.0 -3.0 115.0
-10.0 -3.0 124.0
-9.0 -3.0 114.0
-8.0 -3.0 94.0
-7.0 -3.0 61.0
-6.0 -3.0 54.0
-5.0 -3.0 56.0
-4.0 -3.0 52.0
-3.0 -3.0 49.0
-2.0 -3.0 50.0
-1.0 -3.0 50.0
0.0 -3.0 46.0
1.0 -3.0 48.0
2.0 -3.0 46.0
3.0 -3.0 46.0
4.0 -3.0 46.0
5.0 -3.0 49.0
6.0 -3.0 46.0
7.0 -3.0 49.0
8.0 -3.0 50.0
9.0 -3.0 52.0
10.0 -3.0 112.0
11.0 -3.0 114.0
12.0 -3.0 114.0
13.0 -3.0 114.0
14.0 -3.0 123.0
15.0 -3.0 117.0
16.0 -3.0 110.0
17.0 -3.0 114.0
18.0 -3.0 117.0
19.0 -3.0 114.0
20.0 -3.0 112.0
20.0 -2.0 115.0
19.0 -2.0 110.0
18.0 -2.0 113.0
17.0 -2.0 110.0
16.0 -2.0 114.0
15.0 -2.0 112.0
14.0 -2.0 107.0
13.0 -2.0 110.0
12.0 -2.0 110.0
11.0 -2.0 110.0
10.0 -2.0 114.0
9.0 -2.0 117.0
8.0 -2.0 120.0
7.0 -2.0 117.0
6.0 -2.0 114.0
5.0 -2.0 112.0
4.0 -2.0 113.0
3.0 -2.0 117.0
2.0 -2.0 114.0
1.0 -2.0 115.0
0.0 -2.0 115.0
-1.0 -2.0 87.0
-2.0 -2.0 50.0
-3.0 -2.0 46.0
-4.0 -2.0 45.0
-5.0 -2.0 49.0
-6.0 -2.0 49.0
-7.0 -2.0 49.0
-8.0 -2.0 48.0
-9.0 -2.0 55.0
-10.0 -2.0 48.0
-11.0 -2.0 48.0
-12.0 -2.0 48.0
-13.0 -2.0 48.0
-14.0 -2.0 49.0
-15.0 -2.0 51.0
-16.0 -2.0 51.0
-17.0 -2.0 63.0
-18.0 -2.0 70.0
-19.0 -2.0 91.0
-20.0 -2.0 107.0
-20.0 -1.0 115.0
-19.0 -1.0 114.0
-18.0 -1.0 109.0
-17.0 -1.0 107.0
-16.0 -1.0 109.0
-15.0 -1.0 110.0
-14.0 -1.0 107.0
-13.0 -1.0 105.0
-12.0 -1.0 107.0
-11.0 -1.0 105.0
-10.0 -1.0 107.0
-9.0 -1.0 105.0
-8.0 -1.0 87.0
-7.0 -1.0 60.0
-6.0 -1.0 51.0
-5.0 -1.0 49.0
-4.0 -1.0 53.0
-3.0 -1.0 54.0
-2.0 -1.0 48.0
-1.0 -1.0 45.0
0.0 -1.0 46.0
1.0 -1.0 46.0
2.0 -1.0 46.0
3.0 -1.0 46.0
4.0 -1.0 52.0
5.0 -1.0 49.0
6.0 -1.0 48.0
7.0 -1.0 48.0
8.0 -1.0 46.0
9.0 -1.0 48.0
10.0 -1.0 57.0
11.0 -1.0 75.0
12.0 -1.0 96.0
13.0 -1.0 102.0
14.0 -1.0 103.0
15.0 -1.0 102.0
16.0 -1.0 104.0
17.0 -1.0 109.0
18.0 -1.0 105.0
19.0 -1.0 100.0
20.0 -1.0 90.0
20.0 0.0 87.0
19.0 0.0 83.0
18.0 0.0 78.0
17.0 0.0 76.0
16.0 0.0 75.0
15.0 0.0 77.0
14.0 0.0 77.0
13.0 0.0 78.0
12.0 0.0 76.0
11.0 0.0 73.0
10.0 0.0 79.0
9.0 0.0 90.0
8.0 0.0 94.0
7.0 0.0 96.0
6.0 0.0 100.0
5.0 0.0 101.0
4.0 0.0 96.0
3.0 0.0 92.0
2.0 0.0 83.0
1.0 0.0 79.0
0.0 0.0 85.0
-1.0 0.0 54.0
-2.0 0.0 48.0
-3.0 0.0 48.0
-4.0 0.0 55.0
-5.0 0.0 49.0
-6.0 0.0 48.0
-7.0 0.0 48.0
-8.0 0.0 48.0
-9.0 0.0 48.0
-10.0 0.0 48.0
-11.0 0.0 48.0
-12.0 0.0 46.0
-13.0 0.0 46.0
-14.0 0.0 46.0
-15.0 0.0 48.0
-16.0 0.0 46.0
-17.0 0.0 43.0
-18.0 0.0 41.0
-19.0 0.0 46.0
-20.0 0.0 84.0
-20.0 1.0 90.0
-19.0 1.0 95.0
-18.0 1.0 87.0
-17.0 1.0 86.0
-16.0 1.0 75.0
-15.0 1.0 75.0
-14.0 1.0 77.0
-13.0 1.0 74.0
-12.0 1.0 73.0
-11.0 1.0 74.0
-10.0 1.0 72.0
-9.0 1.0 75.0
-8.0 1.0 62.0
-7.0 1.0 42.0
-6.0 1.0 45.0
-5.0 1.0 45.0
-4.0 1.0 49.0
-3.0 1.0 44.0
-2.0 1.0 45.0
-1.0 1.0 43.0
0.0 1.0 48.0
1.0 1.0 45.0
2.0 1.0 45.0
3.0 1.0 43.0
4.0 1.0 48.0
5.0 1.0 48.0
6.0 1.0 48.0
7.0 1.0 45.0
8.0 1.0 45.0
9.0 1.0 49.0
10.0 1.0 52.0
11.0 1.0 63.0
12.0 1.0 62.0
13.0 1.0 69.0
14.0 1.0 67.0
15.0 1.0 84.0
16.0 1.0 90.0
17.0 1.0 92.0
18.0 1.0 91.0
19.0 1.0 95.0
20.0 1.0 93.0
20.0 2.0 94.0
19.0 2.0 94.0
18.0 2.0 91.0
17.0 2.0 95.0
16.0 2.0 93.0
15.0 2.0 90.0
14.0 2.0 92.0
13.0 2.0 90.0
12.0 2.0 96.0
11.0 2.0 96.0
10.0 2.0 90.0
9.0 2.0 97.0
8.0 2.0 96.0
7.0 2.0 97.0
6.0 2.0 92.0
5.0 2.0 88.0
4.0 2.0 75.0
3.0 2.0 71.0
2.0 2.0 67.0
1.0 2.0 63.0
0.0 2.0 63.0
-1.0 2.0 57.0
-2.0 2.0 50.0
-3.0 2.0 52.0
-4.0 2.0 48.0
-5.0 2.0 48.0
-6.0 2.0 46.0
-7.0 2.0 49.0
-8.0 2.0 48.0
-9.0 2.0 48.0
-10.0 2.0 49.0
-11.0 2.0 48.0
-12.0 2.0 49.0
-13.0 2.0 50.0
-14.0 2.0 54.0
-15.0 2.0 48.0
-16.0 2.0 46.0
-17.0 2.0 41.0
-18.0 2.0 58.0
-19.0 2.0 65.0
-20.0 2.0 69.0
-20.0 3.0 72.0
-19.0 3.0 75.0
-18.0 3.0 74.0
-17.0 3.0 74.0
-16.0 3.0 71.0
-15.0 3.0 73.0
-14.0 3.0 75.0
-13.0 3.0 73.0
-12.0 3.0 77.0
-11.0 3.0 75.0
-10.0 3.0 73.0
-9.0 3.0 69.0
-8.0 3.0 48.0
-7.0 3.0 48.0
-6.0 3.0 44.0
-5.0 3.0 49.0
-4.0 3.0 44.0
-3.0 3.0 48.0
-2.0 3.0 45.0
-1.0 3.0 48.0
0.0 3.0 46.0
1.0 3.0 46.0
2.0 3.0 48.0
3.0 3.0 44.0
4.0 3.0 48.0
5.0 3.0 49.0
6.0 3.0 48.0
7.0 3.0 46.0
8.0 3.0 50.0
9.0 3.0 45.0
10.0 3.0 52.0
11.0 3.0 54.0
12.0 3.0 61.0
13.0 3.0 67.0
14.0 3.0 71.0
15.0 3.0 88.0
16.0 3.0 92.0
17.0 3.0 91.0
18.0 3.0 95.0
19.0 3.0 97.0
20.0 3.0 100.0
20.0 4.0 100.0
19.0 4.0 97.0
18.0 4.0 95.0
17.0 4.0 95.0
16.0 4.0 102.0
15.0 4.0 96.0
14.0 4.0 105.0
13.0 4.0 97.0
12.0 4.0 95.0
11.0 4.0 100.0
10.0 4.0 100.0
9.0 4.0 100.0
8.0 4.0 94.0
7.0 4.0 100.0
6.0 4.0 94.0
5.0 4.0 91.0
4.0 4.0 80.0
3.0 4.0 73.0
2.0 4.0 62.0
1.0 4.0 55.0
0.0 4.0 52.0
-1.0 4.0 55.0
-2.0 4.0 50.0
-3.0 4.0 50.0
-4.0 4.0 52.0
-5.0 4.0 49.0
-6.0 4.0 49.0
-7.0 4.0 48.0
-8.0 4.0 50.0
-9.0 4.0 49.0
-10.0 4.0 52.0
-11.0 4.0 52.0
-12.0 4.0 50.0
-13.0 4.0 50.0
-14.0 4.0 48.0
-15.0 4.0 46.0
-16.0 4.0 43.0
-17.0 4.0 50.0
-18.0 4.0 58.0
-19.0 4.0 58.0
-20.0 4.0 63.0
-20.0 5.0 69.0
-19.0 5.0 72.0
-18.0 5.0 74.0
-17.0 5.0 68.0
-16.0 5.0 73.0
-15.0 5.0 80.0
-14.0 5.0 72.0
-13.0 5.0 71.0
-12.0 5.0 69.0
-11.0 5.0 72.0
-10.0 5.0 67.0
-9.0 5.0 58.0
-8.0 5.0 55.0
-7.0 5.0 52.0
-6.0 5.0 50.0
-5.0 5.0 52.0
-4.0 5.0 53.0
-3.0 5.0 45.0
-2.0 5.0 50.0
-1.0 5.0 48.0
0.0 5.0 52.0
1.0 5.0 51.0
2.0 5.0 46.0
3.0 5.0 44.0
4.0 5.0 46.0
5.0 5.0 49.0
6.0 5.0 46.0
7.0 5.0 46.0
8.0 5.0 45.0
9.0 5.0 43.0
10.0 5.0 48.0
11.0 5.0 46.0
12.0 5.0 55.0
13.0 5.0 66.0
14.0 5.0 72.0
15.0 5.0 86.0
16.0 5.0 95.0
17.0 5.0 92.0
18.0 5.0 100.0
19.0 5.0 90.0
20.0 5.0 96.0
20.0 6.0 92.0
19.0 6.0 101.0
18.0 6.0 100.0
17.0 6.0 95.0
16.0 6.0 101.0
15.0 6.0 105.0
14.0 6.0 97.0
13.0 6.0 95.0
12.0 6.0 94.0
11.0 6.0 88.0
10.0 6.0 103.0
9.0 6.0 103.0
8.0 6.0 100.0
7.0 6.0 92.0
6.0 6.0 97.0
5.0 6.0 92.0
4.0 6.0 87.0
3.0 6.0 83.0
2.0 6.0 71.0
1.0 6.0 61.0
0.0 6.0 60.0
-1.0 6.0 49.0
-2.0 6.0 46.0
-3.0 6.0 42.0
-4.0 6.0 45.0
-5.0 6.0 41.0
-6.0 6.0 45.0
-7.0 6.0 46.0
-8.0 6.0 44.0
-9.0 6.0 48.0
-10.0 6.0 50.0
-11.0 6.0 46.0
-12.0 6.0 46.0
-13.0 6.0 48.0
-14.0 6.0 48.0
-15.0 6.0 46.0
-16.0 6.0 48.0
-17.0 6.0 49.0
-18.0 6.0 48.0
-19.0 6.0 48.0
-20.0 6.0 54.0
-20.0 7.0 68.0
-19.0 7.0 78.0
-18.0 7.0 71.0
-17.0 7.0 69.0
-16.0 7.0 69.0
-15.0 7.0 66.0
-14.0 7.0 71.0
-13.0 7.0 72.0
-12.0 7.0 82.0
-11.0 7.0 69.0
-10.0 7.0 61.0
-9.0 7.0 49.0
-8.0 7.0 45.0
-7.0 7.0 44.0
-6.0 7.0 46.0
-5.0 7.0 45.0
-4.0 7.0 48.0
-3.0 7.0 40.0
-2.0 7.0 45.0
-1.0 7.0 45.0
0.0 7.0 49.0
1.0 7.0 40.0
2.0 7.0 37.0
3.0 7.0 48.0
4.0 7.0 45.0
5.0 7.0 43.0
6.0 7.0 44.0
7.0 7.0 43.0
8.0 7.0 42.0
9.0 7.0 44.0
10.0 7.0 48.0
11.0 7.0 52.0
12.0 7.0 58.0
13.0 7.0 73.0
14.0 7.0 88.0
15.0 7.0 92.0
16.0 7.0 94.0
17.0 7.0 92.0
18.0 7.0 108.0
19.0 7.0 96.0
20.0 7.0 92.0
20.0 8.0 96.0
19.0 8.0 95.0
18.0 8.0 94.0
17.0 8.0 95.0
16.0 8.0 100.0
15.0 8.0 88.0
14.0 8.0 100.0
13.0 8.0 95.0
12.0 8.0 99.0
11.0 8.0 97.0
10.0 8.0 91.0
9.0 8.0 103.0
8.0 8.0 102.0
7.0 8.0 101.0
6.0 8.0 97.0
5.0 8.0 90.0
4.0 8.0 93.0
3.0 8.0 77.0
2.0 8.0 80.0
1.0 8.0 60.0
0.0 8.0 43.0
-1.0 8.0 40.0
-2.0 8.0 46.0
-3.0 8.0 42.0
-4.0 8.0 43.0
-5.0 8.0 41.0
-6.0 8.0 48.0
-7.0 8.0 42.0
-8.0 8.0 41.0
-9.0 8.0 43.0
-10.0 8.0 42.0
-11.0 8.0 45.0
-12.0 8.0 45.0
-13.0 8.0 41.0
-14.0 8.0 45.0
-15.0 8.0 44.0
-16.0 8.0 41.0
-17.0 8.0 41.0
-18.0 8.0 41.0
-19.0 8.0 43.0
-20.0 8.0 49.0
-20.0 9.0 66.0
-19.0 9.0 0.0
-18.0 9.0 0.0
-17.0 9.0 52.0
-16.0 9.0 0.0
-15.0 9.0 0.0
-14.0 9.0 0.0
-13.0 9.0 0.0
-12.0 9.0 0.0
-11.0 9.0 52.0
-10.0 9.0 45.0
-9.0 9.0 41.0
-8.0 9.0 39.0
-7.0 9.0 35.0
-6.0 9.0 34.0
-5.0 9.0 40.0
-4.0 9.0 40.0
-3.0 9.0 39.0
-2.0 9.0 40.0
-1.0 9.0 45.0
0.0 9.0 37.0
1.0 9.0 40.0
2.0 9.0 42.0
3.0 9.0 40.0
4.0 9.0 39.0
5.0 9.0 43.0
6.0 9.0 44.0
7.0 9.0 34.0
8.0 9.0 39.0
9.0 9.0 41.0
10.0 9.0 32.0
11.0 9.0 52.0
12.0 9.0 42.0
13.0 9.0 62.0
14.0 9.0 61.0
15.0 9.0 77.0
16.0 9.0 87.0
17.0 9.0 95.0
18.0 9.0 90.0
19.0 9.0 88.0
20.0 9.0 88.0
20.0 10.0 84.0
19.0 10.0 87.0
18.0 10.0 91.0
17.0 10.0 88.0
16.0 10.0 74.0
15.0 10.0 86.0
14.0 10.0 77.0
13.0 10.0 84.0
12.0 10.0 73.0
11.0 10.0 83.0
10.0 10.0 88.0
9.0 10.0 103.0
8.0 10.0 90.0
7.0 10.0 88.0
6.0 10.0 80.0
5.0 10.0 85.0
4.0 10.0 62.0
3.0 10.0 65.0
2.0 10.0 52.0
1.0 10.0 44.0
0.0 10.0 43.0
-1.0 10.0 44.0
-2.0 10.0 42.0
-3.0 10.0 39.0
-4.0 10.0 41.0
-5.0 10.0 39.0
-6.0 10.0 43.0
-7.0 10.0 44.0
-8.0 10.0 40.0
-9.0 10.0 32.0
-10.0 10.0 35.0
-11.0 10.0 40.0
-12.0 10.0 40.0
-13.0 10.0 37.0
-14.0 10.0 40.0
-15.0 10.0 38.0
-16.0 10.0 38.0
-17.0 10.0 38.0
-18.0 10.0 43.0
-19.0 10.0 41.0
-20.0 10.0 0.0
-20.0 11.0 0.0
-19.0 11.0 0.0
-18.0 11.0 0.0
-17.0 11.0 0.0
-16.0 11.0 0.0
-15.0 11.0 0.0
-14.0 11.0 0.0
-13.0 11.0 0.0
-12.0 11.0 0.0
-11.0 11.0 0.0
-10.0 11.0 43.0
-9.0 11.0 42.0
-8.0 11.0 38.0
-7.0 11.0 41.0
-6.0 11.0 44.0
-5.0 11.0 43.0
-4.0 11.0 37.0
-3.0 11.0 37.0
-2.0 11.0 41.0
-1.0 11.0 41.0
0.0 11.0 40.0
1.0 11.0 43.0
2.0 11.0 40.0
3.0 11.0 36.0
4.0 11.0 38.0
5.0 11.0 38.0
6.0 11.0 35.0
7.0 11.0 46.0
8.0 11.0 40.0
9.0 11.0 38.0
10.0 11.0 50.0
11.0 11.0 40.0
12.0 11.0 40.0
13.0 11.0 52.0
14.0 11.0 71.0
15.0 11.0 83.0
16.0 11.0 77.0
17.0 11.0 87.0
18.0 11.0 90.0
19.0 11.0 94.0
20.0 11.0 88.0
20.0 12.0 91.0
19.0 12.0 86.0
18.0 12.0 88.0
17.0 12.0 77.0
16.0 12.0 61.0
15.0 12.0 82.0
14.0 12.0 78.0
13.0 12.0 0.0
12.0 12.0 0.0
11.0 12.0 88.0
10.0 12.0 86.0
9.0 12.0 76.0
8.0 12.0 84.0
7.0 12.0 0.0
6.0 12.0 76.0
5.0 12.0 69.0
4.0 12.0 59.0
3.0 12.0 55.0
2.0 12.0 50.0
1.0 12.0 58.0
0.0 12.0 34.0
-1.0 12.0 42.0
-2.0 12.0 42.0
-3.0 12.0 38.0
-4.0 12.0 43.0
-5.0 12.0 36.0
-6.0 12.0 38.0
-7.0 12.0 39.0
-8.0 12.0 37.0
-9.0 12.0 41.0
-10.0 12.0 36.0
-11.0 12.0 38.0
-12.0 12.0 40.0
-13.0 12.0 40.0
-14.0 12.0 40.0
-15.0 12.0 50.0
-16.0 12.0 44.0
-17.0 12.0 30.0
-18.0 12.0 36.0
-19.0 12.0 46.0
-20.0 12.0 0.0
-20.0 13.0 0.0
-19.0 13.0 0.0
-18.0 13.0 0.0
-17.0 13.0 0.0
-16.0 13.0 0.0
-15.0 13.0 0.0
-14.0 13.0 0.0
-13.0 13.0 0.0
-12.0 13.0 38.0
-11.0 13.0 0.0
-10.0 13.0 50.0
-9.0 13.0 49.0
-8.0 13.0 40.0
-7.0 13.0 46.0
-6.0 13.0 39.0
-5.0 13.0 38.0
-4.0 13.0 37.0
-3.0 13.0 39.0
-2.0 13.0 35.0
-1.0 13.0 42.0
0.0 13.0 36.0
1.0 13.0 42.0
2.0 13.0 40.0
3.0 13.0 39.0
4.0 13.0 41.0
5.0 13.0 38.0
6.0 13.0 40.0
7.0 13.0 38.0
8.0 13.0 42.0
9.0 13.0 42.0
10.0 13.0 37.0
11.0 13.0 50.0
12.0 13.0 50.0
13.0 13.0 52.0
14.0 13.0 0.0
15.0 13.0 74.0
16.0 13.0 76.0
17.0 13.0 75.0
18.0 13.0 71.0
19.0 13.0 83.0
20.0 13.0 62.0
20.0 14.0 79.0
19.0 14.0 0.0
18.0 14.0 66.0
17.0 14.0 62.0
16.0 14.0 66.0
15.0 14.0 62.0
14.0 14.0 67.0
13.0 14.0 71.0
12.0 14.0 71.0
11.0 14.0 71.0
10.0 14.0 0.0
9.0 14.0 77.0
8.0 14.0 67.0
7.0 14.0 60.0
6.0 14.0 83.0
5.0 14.0 0.0
4.0 14.0 0.0
3.0 14.0 52.0
2.0 14.0 40.0
1.0 14.0 49.0
0.0 14.0 32.0
-1.0 14.0 43.0
-2.0 14.0 35.0
-3.0 14.0 40.0
-4.0 14.0 38.0
-5.0 14.0 37.0
-6.0 14.0 39.0
-7.0 14.0 43.0
-8.0 14.0 40.0
-9.0 14.0 40.0
-10.0 14.0 41.0
-11.0 14.0 38.0
-12.0 14.0 41.0
-13.0 14.0 34.0
-14.0 14.0 36.0
-15.0 14.0 39.0
-16.0 14.0 32.0
-17.0 14.0 40.0
-18.0 14.0 0.0
-19.0 14.0 0.0
-20.0 14.0 0.0
-20.0 15.0 0.0
-19.0 15.0 0.0
-18.0 15.0 0.0
-17.0 15.0 0.0
-16.0 15.0 0.0
-15.0 15.0 0.0
-14.0 15.0 0.0
-13.0 15.0 0.0
-12.0 15.0 0.0
-11.0 15.0 0.0
-10.0 15.0 0.0
-9.0 15.0 40.0
-8.0 15.0 37.0
-7.0 15.0 32.0
-6.0 15.0 35.0
-5.0 15.0 40.0
-4.0 15.0 39.0
-3.0 15.0 36.0
-2.0 15.0 35.0
-1.0 15.0 42.0
0.0 15.0 40.0
1.0 15.0 39.0
2.0 15.0 41.0
3.0 15.0 35.0
4.0 15.0 41.0
5.0 15.0 38.0
6.0 15.0 38.0
7.0 15.0 37.0
8.0 15.0 37.0
9.0 15.0 39.0
10.0 15.0 43.0
11.0 15.0 32.0
12.0 15.0 36.0
13.0 15.0 30.0
14.0 15.0 0.0
15.0 15.0 69.0
16.0 15.0 67.0
17.0 15.0 67.0
18.0 15.0 0.0
19.0 15.0 0.0
20.0 15.0 58.0
20.0 16.0 0.0
19.0 16.0 72.0
18.0 16.0 59.0
17.0 16.0 46.0
16.0 16.0 62.0
15.0 16.0 49.0
14.0 16.0 53.0
13.0 16.0 56.0
12.0 16.0 54.0
11.0 16.0 60.0
10.0 16.0 59.0
9.0 16.0 63.0
8.0 16.0 67.0
7.0 16.0 58.0
6.0 16.0 50.0
5.0 16.0 67.0
4.0 16.0 53.0
3.0 16.0 0.0
2.0 16.0 35.0
1.0 16.0 39.0
0.0 16.0 34.0
-1.0 16.0 41.0
-2.0 16.0 38.0
-3.0 16.0 34.0
-4.0 16.0 38.0
-5.0 16.0 35.0
-6.0 16.0 40.0
-7.0 16.0 32.0
-8.0 16.0 40.0
-9.0 16.0 41.0
-10.0 16.0 39.0
-11.0 16.0 36.0
-12.0 16.0 42.0
-13.0 16.0 37.0
-14.0 16.0 42.0
-15.0 16.0 30.0
-16.0 16.0 32.0
-17.0 16.0 43.0
-18.0 16.0 0.0
-19.0 16.0 0.0
-20.0 16.0 0.0
-20.0 17.0 0.0
-19.0 17.0 0.0
-18.0 17.0 0.0
-17.0 17.0 0.0
-16.0 17.0 0.0
-15.0 17.0 0.0
-14.0 17.0 0.0
-13.0 17.0 0.0
-12.0 17.0 0.0
-11.0 17.0 39.0
-10.0 17.0 0.0
-9.0 17.0 30.0
-8.0 17.0 44.0
-7.0 17.0 37.0
-6.0 17.0 44.0
-5.0 17.0 39.0
-4.0 17.0 38.0
-3.0 17.0 38.0
-2.0 17.0 34.0
-1.0 17.0 37.0
0.0 17.0 37.0
1.0 17.0 30.0
2.0 17.0 39.0
3.0 17.0 36.0
4.0 17.0 40.0
5.0 17.0 39.0
6.0 17.0 38.0
7.0 17.0 38.0
8.0 17.0 35.0
9.0 17.0 40.0
10.0 17.0 42.0
11.0 17.0 41.0
12.0 17.0 52.0
13.0 17.0 0.0
14.0 17.0 0.0
15.0 17.0 65.0
16.0 17.0 65.0
17.0 17.0 71.0
18.0 17.0 65.0
19.0 17.0 67.0
20.0 17.0 63.0
20.0 18.0 56.0
19.0 18.0 0.0
18.0 18.0 63.0
17.0 18.0 62.0
16.0 18.0 52.0
15.0 18.0 60.0
14.0 18.0 50.0
13.0 18.0 50.0
12.0 18.0 61.0
11.0 18.0 50.0
10.0 18.0 55.0
9.0 18.0 0.0
8.0 18.0 61.0
7.0 18.0 55.0
6.0 18.0 66.0
5.0 18.0 50.0
4.0 18.0 49.0
3.0 18.0 36.0
2.0 18.0 35.0
1.0 18.0 40.0
0.0 18.0 50.0
-1.0 18.0 40.0
-2.0 18.0 36.0
-3.0 18.0 40.0
-4.0 18.0 40.0
-5.0 18.0 36.0
-6.0 18.0 42.0
-7.0 18.0 32.0
-8.0 18.0 34.0
-9.0 18.0 40.0
-10.0 18.0 32.0
-11.0 18.0 41.0
-12.0 18.0 37.0
-13.0 18.0 34.0
-14.0 18.0 38.0
-15.0 18.0 37.0
-16.0 18.0 42.0
-17.0 18.0 32.0
-18.0 18.0 0.0
-19.0 18.0 0.0
-20.0 18.0 0.0
-20.0 19.0 0.0
-19.0 19.0 0.0
-18.0 19.0 0.0
-17.0 19.0 37.0
-16.0 19.0 0.0
-15.0 19.0 0.0
-14.0 19.0 0.0
-13.0 19.0 0.0
-12.0 19.0 0.0
-11.0 19.0 0.0
-10.0 19.0 0.0
-9.0 19.0 40.0
-8.0 19.0 37.0
-7.0 19.0 0.0
-6.0 19.0 42.0
-5.0 19.0 40.0
-4.0 19.0 38.0
-3.0 19.0 39.0
-2.0 19.0 35.0
-1.0 19.0 30.0
0.0 19.0 39.0
1.0 19.0 39.0
2.0 19.0 43.0
3.0 19.0 30.0
4.0 19.0 35.0
5.0 19.0 35.0
6.0 19.0 35.0
7.0 19.0 30.0
8.0 19.0 40.0
9.0 19.0 30.0
10.0 19.0 42.0
11.0 19.0 46.0
12.0 19.0 27.0
13.0 19.0 0.0
14.0 19.0 0.0
15.0 19.0 0.0
16.0 19.0 54.0
17.0 19.0 52.0
18.0 19.0 41.0
19.0 19.0 55.0
20.0 19.0 38.0
20.0 20.0 0.0
19.0 20.0 54.0
18.0 20.0 0.0
17.0 20.0 50.0
16.0 20.0 50.0
15.0 20.0 45.0
14.0 20.0 43.0
13.0 20.0 41.0
12.0 20.0 48.0
11.0 20.0 58.0
10.0 20.0 0.0
9.0 20.0 49.0
8.0 20.0 57.0
7.0 20.0 0.0
6.0 20.0 0.0
5.0 20.0 0.0
4.0 20.0 0.0
3.0 20.0 49.0
2.0 20.0 32.0
1.0 20.0 34.0
0.0 20.0 43.0
-1.0 20.0 50.0
-2.0 20.0 39.0
-3.0 20.0 35.0
-4.0 20.0 35.0
-5.0 20.0 37.0
-6.0 20.0 39.0
-7.0 20.0 37.0
-8.0 20.0 37.0
-9.0 20.0 39.0
-10.0 20.0 38.0
-11.0 20.0 32.0
-12.0 20.0 40.0
-13.0 20.0 36.0
-14.0 20.0 32.0
-15.0 20.0 42.0
-16.0 20.0 27.0
-17.0 20.0 35.0
-18.0 20.0 0.0
-19.0 20.0 0.0
-20.0 20.0 0.0
-20.0 21.0 0.0
-19.0 21.0 0.0
-18.0 21.0 39.0
-17.0 21.0 34.0
-16.0 21.0 0.0
-15.0 21.0 0.0
-14.0 21.0 0.0
-13.0 21.0 0.0
-12.0 21.0 17.0
-11.0 21.0 0.0
-10.0 21.0 0.0
-9.0 21.0 42.0
-8.0 21.0 49.0
-7.0 21.0 30.0
-6.0 21.0 42.0
-5.0 21.0 26.0
-4.0 21.0 32.0
-3.0 21.0 27.0
-2.0 21.0 30.0
-1.0 21.0 37.0
0.0 21.0 38.0
1.0 21.0 37.0
2.0 21.0 39.0
3.0 21.0 40.0
4.0 21.0 36.0
5.0 21.0 37.0
6.0 21.0 32.0
7.0 21.0 40.0
8.0 21.0 40.0
9.0 21.0 32.0
10.0 21.0 24.0
11.0 21.0 37.0
12.0 21.0 44.0
13.0 21.0 40.0
14.0 21.0 0.0
15.0 21.0 50.0
16.0 21.0 60.0
17.0 21.0 54.0
18.0 21.0 39.0
19.0 21.0 45.0
20.0 21.0 41.0
