20.0 -20.0 42.0
19.0 -20.0 46.0
18.0 -20.0 50.0
17.0 -20.0 42.0
16.0 -20.0 49.0
15.0 -20.0 51.0
14.0 -20.0 87.0
13.0 -20.0 95.0
12.0 -20.0 105.0
11.0 -20.0 86.0
10.0 -20.0 72.0
9.0 -20.0 78.0
8.0 -20.0 97.0
7.0 -20.0 108.0
6.0 -20.0 108.0
5.0 -20.0 108.0
4.0 -20.0 108.0
3.0 -20.0 107.0
2.0 -20.0 108.0
1.0 -20.0 104.0
0.0 -20.0 103.0
-1.0 -20.0 99.0
-2.0 -20.0 61.0
-3.0 -20.0 61.0
-4.0 -20.0 61.0
-5.0 -20.0 62.0
-6.0 -20.0 61.0
-7.0 -20.0 62.0
-8.0 -20.0 61.0
-9.0 -20.0 61.0
-10.0 -20.0 69.0
-11.0 -20.0 65.0
-12.0 -20.0 63.0
-13.0 -20.0 65.0
-14.0 -20.0 66.0
-15.0 -20.0 65.0
-16.0 -20.0 61.0
-17.0 -20.0 63.0
-18.0 -20.0 67.0
-19.0 -20.0 63.0
-20.0 -20.0 62.0
-20.0 -19.0 65.0
-19.0 -19.0 62.0
-18.0 -19.0 62.0
-17.0 -19.0 66.0
-16.0 -19.0 63.0
-15.0 -19.0 62.0
-14.0 -19.0 63.0
-13.0 -19.0 63.0
-12.0 -19.0 62.0
-11.0 -19.0 62.0
-10.0 -19.0 63.0
-9.0 -19.0 63.0
-8.0 -19.0 65.0
-7.0 -19.0 65.0
-6.0 -19.0 65.0
-5.0 -19.0 62.0
-4.0 -19.0 62.0
-3.0 -19.0 72.0
-2.0 -19.0 62.0
-1.0 -19.0 60.0
0.0 -19.0 60.0
1.0 -19.0 62.0
2.0 -19.0 58.0
3.0 -19.0 59.0
4.0 -19.0 60.0
5.0 -19.0 62.0
6.0 -19.0 61.0
7.0 -19.0 62.0
8.0 -19.0 68.0
9.0 -19.0 63.0
10.0 -19.0 96.0
11.0 -19.0 100.0
12.0 -19.0 103.0
13.0 -19.0 102.0
14.0 -19.0 104.0
15.0 -19.0 103.0
16.0 -19.0 105.0
17.0 -19.0 108.0
18.0 -19.0 105.0
19.0 -19.0 83.0
20.0 -19.0 77.0
20.0 -18.0 74.0
19.0 -18.0 103.0
18.0 -18.0 99.0
17.0 -18.0 93.0
16.0 -18.0 90.0
15.0 -18.0 90.0
14.0 -18.0 90.0
13.0 -18.0 91.0
12.0 -18.0 100.0
11.0 -18.0 107.0
10.0 -18.0 77.0
9.0 -18.0 76.0
8.0 -18.0 91.0
7.0 -18.0 108.0
6.0 -18.0 105.0
5.0 -18.0 110.0
4.0 -18.0 105.0
3.0 -18.0 105.0
2.0 -18.0 105.0
1.0 -18.0 101.0
0.0 -18.0 102.0
-1.0 -18.0 97.0
-2.0 -18.0 62.0
-3.0 -18.0 60.0
-4.0 -18.0 59.0
-5.0 -18.0 59.0
-6.0 -18.0 66.0
-7.0 -18.0 60.0
-8.0 -18.0 57.0
-9.0 -18.0 60.0
-10.0 -18.0 66.0
-11.0 -18.0 61.0
-12.0 -18.0 61.0
-13.0 -18.0 61.0
-14.0 -18.0 61.0
-15.0 -18.0 63.0
-16.0 -18.0 61.0
-17.0 -18.0 68.0
-18.0 -18.0 61.0
-19.0 -18.0 61.0
-20.0 -18.0 62.0
-20.0 -17.0 63.0
-19.0 -17.0 65.0
-18.0 -17.0 62.0
-17.0 -17.0 60.0
-16.0 -17.0 58.0
-15.0 -17.0 59.0
-14.0 -17.0 62.0
-13.0 -17.0 61.0
-12.0 -17.0 61.0
-11.0 -17.0 66.0
-10.0 -17.0 63.0
-9.0 -17.0 63.0
-8.0 -17.0 62.0
-7.0 -17.0 62.0
-6.0 -17.0 63.0
-5.0 -17.0 60.0
-4.0 -17.0 59.0
-3.0 -17.0 61.0
-2.0 -17.0 62.0
-1.0 -17.0 62.0
0.0 -17.0 62.0
1.0 -17.0 61.0
2.0 -17.0 61.0
3.0 -17.0 61.0
4.0 -17.0 60.0
5.0 -17.0 61.0
6.0 -17.0 60.0
7.0 -17.0 62.0
8.0 -17.0 61.0
9.0 -17.0 90.0
10.0 -17.0 94.0
11.0 -17.0 100.0
12.0 -17.0 103.0
13.0 -17.0 103.0
14.0 -17.0 105.0
15.0 -17.0 107.0
16.0 -17.0 108.0
17.0 -17.0 108.0
18.0 -17.0 108.0
19.0 -17.0 112.0
20.0 -17.0 80.0
20.0 -16.0 100.0
19.0 -16.0 96.0
18.0 -16.0 91.0
17.0 -16.0 90.0
16.0 -16.0 90.0
15.0 -16.0 92.0
14.0 -16.0 91.0
13.0 -16.0 99.0
12.0 -16.0 94.0
11.0 -16.0 99.0
10.0 -16.0 100.0
9.0 -16.0 70.0
8.0 -16.0 78.0
7.0 -16.0 105.0
6.0 -16.0 104.0
5.0 -16.0 103.0
4.0 -16.0 104.0
3.0 -16.0 105.0
2.0 -16.0 105.0
1.0 -16.0 103.0
0.0 -16.0 101.0
-1.0 -16.0 97.0
-2.0 -16.0 65.0
-3.0 -16.0 60.0
-4.0 -16.0 61.0
-5.0 -16.0 61.0
-6.0 -16.0 62.0
-7.0 -16.0 58.0
-8.0 -16.0 57.0
-9.0 -16.0 58.0
-10.0 -16.0 65.0
-11.0 -16.0 60.0
-12.0 -16.0 65.0
-13.0 -16.0 62.0
-14.0 -16.0 61.0
-15.0 -16.0 61.0
-16.0 -16.0 61.0
-17.0 -16.0 65.0
-18.0 -16.0 60.0
-19.0 -16.0 61.0
-20.0 -16.0 62.0
-20.0 -15.0 63.0
-19.0 -15.0 57.0
-18.0 -15.0 60.0
-17.0 -15.0 62.0
-16.0 -15.0 62.0
-15.0 -15.0 61.0
-14.0 -15.0 62.0
-13.0 -15.0 60.0
-12.0 -15.0 61.0
-11.0 -15.0 67.0
-10.0 -15.0 62.0
-9.0 -15.0 62.0
-8.0 -15.0 61.0
-7.0 -15.0 63.0
-6.0 -15.0 62.0
-5.0 -15.0 65.0
-4.0 -15.0 66.0
-3.0 -15.0 61.0
-2.0 -15.0 60.0
-1.0 -15.0 62.0
0.0 -15.0 63.0
1.0 -15.0 60.0
2.0 -15.0 60.0
3.0 -15.0 59.0
4.0 -15.0 59.0
5.0 -15.0 57.0
6.0 -15.0 59.0
7.0 -15.0 62.0
8.0 -15.0 61.0
9.0 -15.0 63.0
10.0 -15.0 92.0
11.0 -15.0 101.0
12.0 -15.0 101.0
13.0 -15.0 105.0
14.0 -15.0 107.0
15.0 -15.0 108.0
16.0 -15.0 108.0
17.0 -15.0 107.0
18.0 -15.0 108.0
19.0 -15.0 84.0
20.0 -15.0 78.0
20.0 -14.0 77.0
19.0 -14.0 102.0
18.0 -14.0 93.0
17.0 -14.0 95.0
16.0 -14.0 94.0
15.0 -14.0 94.0
14.0 -14.0 92.0
13.0 -14.0 95.0
12.0 -14.0 96.0
11.0 -14.0 102.0
10.0 -14.0 82.0
9.0 -14.0 79.0
8.0 -14.0 89.0
7.0 -14.0 108.0
6.0 -14.0 109.0
5.0 -14.0 108.0
4.0 -14.0 108.0
3.0 -14.0 108.0
2.0 -14.0 105.0
1.0 -14.0 105.0
0.0 -14.0 103.0
-1.0 -14.0 99.0
-2.0 -14.0 63.0
-3.0 -14.0 62.0
-4.0 -14.0 62.0
-5.0 -14.0 62.0
-6.0 -14.0 58.0
-7.0 -14.0 63.0
-8.0 -14.0 55.0
-9.0 -14.0 62.0
-10.0 -14.0 59.0
-11.0 -14.0 63.0
-12.0 -14.0 62.0
-13.0 -14.0 62.0
-14.0 -14.0 62.0
-15.0 -14.0 63.0
-16.0 -14.0 68.0
-17.0 -14.0 61.0
-18.0 -14.0 63.0
-19.0 -14.0 62.0
-20.0 -14.0 68.0
-20.0 -13.0 63.0
-19.0 -13.0 58.0
-18.0 -13.0 60.0
-17.0 -13.0 59.0
-16.0 -13.0 62.0
-15.0 -13.0 60.0
-14.0 -13.0 60.0
-13.0 -13.0 62.0
-12.0 -13.0 69.0
-11.0 -13.0 62.0
-10.0 -13.0 62.0
-9.0 -13.0 60.0
-8.0 -13.0 61.0
-7.0 -13.0 62.0
-6.0 -13.0 60.0
-5.0 -13.0 65.0
-4.0 -13.0 66.0
-3.0 -13.0 66.0
-2.0 -13.0 62.0
-1.0 -13.0 67.0
0.0 -13.0 60.0
1.0 -13.0 60.0
2.0 -13.0 58.0
3.0 -13.0 65.0
4.0 -13.0 53.0
5.0 -13.0 58.0
6.0 -13.0 58.0
7.0 -13.0 59.0
8.0 -13.0 62.0
9.0 -13.0 70.0
10.0 -13.0 99.0
11.0 -13.0 100.0
12.0 -13.0 102.0
13.0 -13.0 108.0
14.0 -13.0 108.0
15.0 -13.0 107.0
16.0 -13.0 109.0
17.0 -13.0 107.0
18.0 -13.0 114.0
19.0 -13.0 105.0
20.0 -13.0 87.0
20.0 -12.0 78.0
19.0 -12.0 104.0
18.0 -12.0 97.0
17.0 -12.0 91.0
16.0 -12.0 93.0
15.0 -12.0 92.0
14.0 -12.0 93.0
13.0 -12.0 94.0
12.0 -12.0 93.0
11.0 -12.0 101.0
10.0 -12.0 99.0
9.0 -12.0 77.0
8.0 -12.0 83.0
7.0 -12.0 105.0
6.0 -12.0 104.0
5.0 -12.0 109.0
4.0 -12.0 108.0
3.0 -12.0 105.0
2.0 -12.0 103.0
1.0 -12.0 103.0
0.0 -12.0 100.0
-1.0 -12.0 96.0
-2.0 -12.0 60.0
-3.0 -12.0 61.0
-4.0 -12.0 63.0
-5.0 -12.0 69.0
-6.0 -12.0 59.0
-7.0 -12.0 48.0
-8.0 -12.0 60.0
-9.0 -12.0 60.0
-10.0 -12.0 60.0
-11.0 -12.0 62.0
-12.0 -12.0 60.0
-13.0 -12.0 62.0
-14.0 -12.0 61.0
-15.0 -12.0 61.0
-16.0 -12.0 70.0
-17.0 -12.0 60.0
-18.0 -12.0 60.0
-19.0 -12.0 60.0
-20.0 -12.0 60.0
-20.0 -11.0 59.0
-19.0 -11.0 61.0
-18.0 -11.0 61.0
-17.0 -11.0 61.0
-16.0 -11.0 59.0
-15.0 -11.0 59.0
-14.0 -11.0 62.0
-13.0 -11.0 63.0
-12.0 -11.0 65.0
-11.0 -11.0 60.0
-10.0 -11.0 62.0
-9.0 -11.0 61.0
-8.0 -11.0 63.0
-7.0 -11.0 60.0
-6.0 -11.0 61.0
-5.0 -11.0 60.0
-4.0 -11.0 60.0
-3.0 -11.0 63.0
-2.0 -11.0 60.0
-1.0 -11.0 69.0
0.0 -11.0 62.0
1.0 -11.0 61.0
2.0 -11.0 49.0
3.0 -11.0 61.0
4.0 -11.0 62.0
5.0 -11.0 60.0
6.0 -11.0 60.0
7.0 -11.0 62.0
8.0 -11.0 63.0
9.0 -11.0 72.0
10.0 -11.0 103.0
11.0 -11.0 102.0
12.0 -11.0 104.0
13.0 -11.0 105.0
14.0 -11.0 112.0
15.0 -11.0 109.0
16.0 -11.0 109.0
17.0 -11.0 107.0
18.0 -11.0 108.0
19.0 -11.0 82.0
20.0 -11.0 74.0
20.0 -10.0 102.0
19.0 -10.0 107.0
18.0 -10.0 107.0
17.0 -10.0 96.0
16.0 -10.0 96.0
15.0 -10.0 97.0
14.0 -10.0 97.0
13.0 -10.0 100.0
12.0 -10.0 100.0
11.0 -10.0 87.0
10.0 -10.0 78.0
9.0 -10.0 83.0
8.0 -10.0 108.0
7.0 -10.0 109.0
6.0 -10.0 109.0
5.0 -10.0 109.0
4.0 -10.0 108.0
3.0 -10.0 115.0
2.0 -10.0 107.0
1.0 -10.0 104.0
0.0 -10.0 99.0
-1.0 -10.0 93.0
-2.0 -10.0 62.0
-3.0 -10.0 62.0
-4.0 -10.0 62.0
-5.0 -10.0 61.0
-6.0 -10.0 60.0
-7.0 -10.0 65.0
-8.0 -10.0 57.0
-9.0 -10.0 60.0
-10.0 -10.0 61.0
-11.0 -10.0 62.0
-12.0 -10.0 67.0
-13.0 -10.0 61.0
-14.0 -10.0 62.0
-15.0 -10.0 62.0
-16.0 -10.0 60.0
-17.0 -10.0 66.0
-18.0 -10.0 62.0
-19.0 -10.0 65.0
-20.0 -10.0 62.0
-20.0 -9.0 70.0
-19.0 -9.0 62.0
-18.0 -9.0 61.0
-17.0 -9.0 65.0
-16.0 -9.0 60.0
-15.0 -9.0 62.0
-14.0 -9.0 62.0
-13.0 -9.0 63.0
-12.0 -9.0 62.0
-11.0 -9.0 60.0
-10.0 -9.0 62.0
-9.0 -9.0 67.0
-8.0 -9.0 60.0
-7.0 -9.0 61.0
-6.0 -9.0 61.0
-5.0 -9.0 61.0
-4.0 -9.0 61.0
-3.0 -9.0 61.0
-2.0 -9.0 61.0
-1.0 -9.0 61.0
0.0 -9.0 59.0
1.0 -9.0 60.0
2.0 -9.0 60.0
3.0 -9.0 49.0
4.0 -9.0 58.0
5.0 -9.0 60.0
6.0 -9.0 61.0
7.0 -9.0 62.0
8.0 -9.0 61.0
9.0 -9.0 62.0
10.0 -9.0 65.0
11.0 -9.0 95.0
12.0 -9.0 103.0
13.0 -9.0 103.0
14.0 -9.0 104.0
15.0 -9.0 107.0
16.0 -9.0 105.0
17.0 -9.0 107.0
18.0 -9.0 107.0
19.0 -9.0 97.0
20.0 -9.0 86.0
20.0 -8.0 91.0
19.0 -8.0 101.0
18.0 -8.0 95.0
17.0 -8.0 93.0
16.0 -8.0 92.0
15.0 -8.0 92.0
14.0 -8.0 92.0
13.0 -8.0 93.0
12.0 -8.0 94.0
11.0 -8.0 110.0
10.0 -8.0 73.0
9.0 -8.0 82.0
8.0 -8.0 88.0
7.0 -8.0 108.0
6.0 -8.0 107.0
5.0 -8.0 105.0
4.0 -8.0 104.0
3.0 -8.0 104.0
2.0 -8.0 105.0
1.0 -8.0 103.0
0.0 -8.0 101.0
-1.0 -8.0 97.0
-2.0 -8.0 71.0
-3.0 -8.0 62.0
-4.0 -8.0 61.0
-5.0 -8.0 61.0
-6.0 -8.0 59.0
-7.0 -8.0 59.0
-8.0 -8.0 49.0
-9.0 -8.0 57.0
-10.0 -8.0 60.0
-11.0 -8.0 61.0
-12.0 -8.0 59.0
-13.0 -8.0 61.0
-14.0 -8.0 48.0
-15.0 -8.0 62.0
-16.0 -8.0 61.0
-17.0 -8.0 60.0
-18.0 -8.0 62.0
-19.0 -8.0 61.0
-20.0 -8.0 61.0
-20.0 -7.0 61.0
-19.0 -7.0 61.0
-18.0 -7.0 61.0
-17.0 -7.0 60.0
-16.0 -7.0 61.0
-15.0 -7.0 61.0
-14.0 -7.0 61.0
-13.0 -7.0 61.0
-12.0 -7.0 63.0
-11.0 -7.0 59.0
-10.0 -7.0 61.0
-9.0 -7.0 61.0
-8.0 -7.0 61.0
-7.0 -7.0 60.0
-6.0 -7.0 59.0
-5.0 -7.0 60.0
-4.0 -7.0 61.0
-3.0 -7.0 61.0
-2.0 -7.0 52.0
-1.0 -7.0 59.0
0.0 -7.0 61.0
1.0 -7.0 62.0
2.0 -7.0 62.0
3.0 -7.0 50.0
4.0 -7.0 57.0
5.0 -7.0 67.0
6.0 -7.0 61.0
7.0 -7.0 63.0
8.0 -7.0 92.0
9.0 -7.0 95.0
10.0 -7.0 94.0
11.0 -7.0 96.0
12.0 -7.0 100.0
13.0 -7.0 107.0
14.0 -7.0 105.0
15.0 -7.0 103.0
16.0 -7.0 103.0
17.0 -7.0 103.0
18.0 -7.0 105.0
19.0 -7.0 108.0
20.0 -7.0 86.0
20.0 -6.0 75.0
19.0 -6.0 92.0
18.0 -6.0 102.0
17.0 -6.0 91.0
16.0 -6.0 89.0
15.0 -6.0 90.0
14.0 -6.0 89.0
13.0 -6.0 90.0
12.0 -6.0 89.0
11.0 -6.0 96.0
10.0 -6.0 101.0
9.0 -6.0 75.0
8.0 -6.0 90.0
7.0 -6.0 105.0
6.0 -6.0 103.0
5.0 -6.0 107.0
4.0 -6.0 104.0
3.0 -6.0 104.0
2.0 -6.0 103.0
1.0 -6.0 101.0
0.0 -6.0 100.0
-1.0 -6.0 95.0
-2.0 -6.0 59.0
-3.0 -6.0 61.0
-4.0 -6.0 61.0
-5.0 -6.0 60.0
-6.0 -6.0 59.0
-7.0 -6.0 59.0
-8.0 -6.0 53.0
-9.0 -6.0 58.0
-10.0 -6.0 60.0
-11.0 -6.0 61.0
-12.0 -6.0 61.0
-13.0 -6.0 60.0
-14.0 -6.0 61.0
-15.0 -6.0 61.0
-16.0 -6.0 59.0
-17.0 -6.0 59.0
-18.0 -6.0 62.0
-19.0 -6.0 62.0
-20.0 -6.0 59.0
-20.0 -5.0 62.0
-19.0 -5.0 61.0
-18.0 -5.0 59.0
-17.0 -5.0 62.0
-16.0 -5.0 59.0
-15.0 -5.0 61.0
-14.0 -5.0 57.0
-13.0 -5.0 58.0
-12.0 -5.0 60.0
-11.0 -5.0 58.0
-10.0 -5.0 65.0
-9.0 -5.0 61.0
-8.0 -5.0 60.0
-7.0 -5.0 58.0
-6.0 -5.0 59.0
-5.0 -5.0 60.0
-4.0 -5.0 58.0
-3.0 -5.0 57.0
-2.0 -5.0 52.0
-1.0 -5.0 57.0
0.0 -5.0 58.0
1.0 -5.0 54.0
2.0 -5.0 49.0
3.0 -5.0 52.0
4.0 -5.0 37.0
5.0 -5.0 37.0
6.0 -5.0 30.0
7.0 -5.0 36.0
8.0 -5.0 43.0
9.0 -5.0 35.0
10.0 -5.0 52.0
11.0 -5.0 72.0
12.0 -5.0 88.0
13.0 -5.0 97.0
14.0 -5.0 99.0
15.0 -5.0 101.0
16.0 -5.0 103.0
17.0 -5.0 105.0
18.0 -5.0 108.0
19.0 -5.0 105.0
20.0 -5.0 84.0
20.0 -4.0 94.0
19.0 -4.0 101.0
18.0 -4.0 94.0
17.0 -4.0 79.0
16.0 -4.0 78.0
15.0 -4.0 73.0
14.0 -4.0 78.0
13.0 -4.0 84.0
12.0 -4.0 90.0
11.0 -4.0 85.0
10.0 -4.0 76.0
9.0 -4.0 83.0
8.0 -4.0 97.0
7.0 -4.0 108.0
6.0 -4.0 110.0
5.0 -4.0 101.0
4.0 -4.0 101.0
3.0 -4.0 97.0
2.0 -4.0 87.0
1.0 -4.0 67.0
0.0 -4.0 39.0
-1.0 -4.0 19.0
-2.0 -4.0 17.0
-3.0 -4.0 32.0
-4.0 -4.0 25.0
-5.0 -4.0 25.0
-6.0 -4.0 19.0
-7.0 -4.0 39.0
-8.0 -4.0 44.0
-9.0 -4.0 24.0
-10.0 -4.0 25.0
-11.0 -4.0 25.0
-12.0 -4.0 26.0
-13.0 -4.0 25.0
-14.0 -4.0 24.0
-15.0 -4.0 21.0
-16.0 -4.0 24.0
-17.0 -4.0 30.0
-18.0 -4.0 37.0
-19.0 -4.0 30.0
-20.0 -4.0 21.0
-20.0 -3.0 21.0
-19.0 -3.0 36.0
-18.0 -3.0 32.0
-17.0 -3.0 16.0
-16.0 -3.0 15.0
-15.0 -3.0 14.0
-14.0 -3.0 12.0
-13.0 -3.0 17.0
-12.0 -3.0 16.0
-11.0 -3.0 19.0
-10.0 -3.0 20.0
-9.0 -3.0 19.0
-8.0 -3.0 16.0
-7.0 -3.0 21.0
-6.0 -3.0 15.0
-5.0 -3.0 21.0
-4.0 -3.0 16.0
-3.0 -3.0 21.0
-2.0 -3.0 17.0
-1.0 -3.0 24.0
0.0 -3.0 20.0
1.0 -3.0 17.0
2.0 -3.0 16.0
3.0 -3.0 20.0
4.0 -3.0 19.0
5.0 -3.0 16.0
6.0 -3.0 20.0
7.0 -3.0 17.0
8.0 -3.0 22.0
9.0 -3.0 20.0
10.0 -3.0 15.0
11.0 -3.0 19.0
12.0 -3.0 69.0
13.0 -3.0 95.0
14.0 -3.0 99.0
15.0 -3.0 101.0
16.0 -3.0 102.0
17.0 -3.0 100.0
18.0 -3.0 105.0
19.0 -3.0 107.0
20.0 -3.0 94.0
20.0 -2.0 88.0
19.0 -2.0 79.0
18.0 -2.0 71.0
17.0 -2.0 80.0
16.0 -2.0 71.0
15.0 -2.0 77.0
14.0 -2.0 69.0
13.0 -2.0 74.0
12.0 -2.0 78.0
11.0 -2.0 78.0
10.0 -2.0 86.0
9.0 -2.0 93.0
8.0 -2.0 104.0
7.0 -2.0 105.0
6.0 -2.0 104.0
5.0 -2.0 104.0
4.0 -2.0 100.0
3.0 -2.0 94.0
2.0 -2.0 78.0
1.0 -2.0 19.0
0.0 -2.0 11.0
-1.0 -2.0 9.0
-2.0 -2.0 10.0
-3.0 -2.0 15.0
-4.0 -2.0 19.0
-5.0 -2.0 19.0
-6.0 -2.0 15.0
-7.0 -2.0 15.0
-8.0 -2.0 15.0
-9.0 -2.0 24.0
-10.0 -2.0 16.0
-11.0 -2.0 15.0
-12.0 -2.0 16.0
-13.0 -2.0 19.0
-14.0 -2.0 19.0
-15.0 -2.0 14.0
-16.0 -2.0 24.0
-17.0 -2.0 16.0
-18.0 -2.0 11.0
-19.0 -2.0 17.0
-20.0 -2.0 11.0
-20.0 -1.0 15.0
-19.0 -1.0 15.0
-18.0 -1.0 15.0
-17.0 -1.0 16.0
-16.0 -1.0 16.0
-15.0 -1.0 17.0
-14.0 -1.0 16.0
-13.0 -1.0 19.0
-12.0 -1.0 11.0
-11.0 -1.0 22.0
-10.0 -1.0 19.0
-9.0 -1.0 15.0
-8.0 -1.0 15.0
-7.0 -1.0 12.0
-6.0 -1.0 11.0
-5.0 -1.0 15.0
-4.0 -1.0 17.0
-3.0 -1.0 19.0
-2.0 -1.0 17.0
-1.0 -1.0 16.0
0.0 -1.0 21.0
1.0 -1.0 16.0
2.0 -1.0 19.0
3.0 -1.0 16.0
4.0 -1.0 16.0
5.0 -1.0 16.0
6.0 -1.0 19.0
7.0 -1.0 15.0
8.0 -1.0 15.0
9.0 -1.0 9.0
10.0 -1.0 9.0
11.0 -1.0 12.0
12.0 -1.0 63.0
13.0 -1.0 80.0
14.0 -1.0 88.0
15.0 -1.0 97.0
16.0 -1.0 92.0
17.0 -1.0 101.0
18.0 -1.0 101.0
19.0 -1.0 90.0
20.0 -1.0 90.0
20.0 0.0 69.0
19.0 0.0 59.0
18.0 0.0 54.0
17.0 0.0 55.0
16.0 0.0 56.0
15.0 0.0 53.0
14.0 0.0 56.0
13.0 0.0 57.0
12.0 0.0 58.0
11.0 0.0 58.0
10.0 0.0 54.0
9.0 0.0 69.0
8.0 0.0 77.0
7.0 0.0 96.0
6.0 0.0 90.0
5.0 0.0 92.0
4.0 0.0 76.0
3.0 0.0 71.0
2.0 0.0 52.0
1.0 0.0 9.0
0.0 0.0 10.0
-1.0 0.0 5.0
-2.0 0.0 11.0
-3.0 0.0 9.0
-4.0 0.0 12.0
-5.0 0.0 17.0
-6.0 0.0 17.0
-7.0 0.0 17.0
-8.0 0.0 16.0
-9.0 0.0 17.0
-10.0 0.0 17.0
-11.0 0.0 20.0
-12.0 0.0 17.0
-13.0 0.0 17.0
-14.0 0.0 15.0
-15.0 0.0 17.0
-16.0 0.0 20.0
-17.0 0.0 17.0
-18.0 0.0 17.0
-19.0 0.0 16.0
-20.0 0.0 17.0
-20.0 1.0 19.0
-19.0 1.0 15.0
-18.0 1.0 19.0
-17.0 1.0 17.0
-16.0 1.0 21.0
-15.0 1.0 19.0
-14.0 1.0 20.0
-13.0 1.0 19.0
-12.0 1.0 17.0
-11.0 1.0 17.0
-10.0 1.0 15.0
-9.0 1.0 15.0
-8.0 1.0 17.0
-7.0 1.0 17.0
-6.0 1.0 19.0
-5.0 1.0 19.0
-4.0 1.0 16.0
-3.0 1.0 16.0
-2.0 1.0 17.0
-1.0 1.0 19.0
0.0 1.0 17.0
1.0 1.0 15.0
2.0 1.0 14.0
3.0 1.0 19.0
4.0 1.0 17.0
5.0 1.0 21.0
6.0 1.0 19.0
7.0 1.0 12.0
8.0 1.0 9.0
9.0 1.0 9.0
10.0 1.0 9.0
11.0 1.0 9.0
12.0 1.0 15.0
13.0 1.0 20.0
14.0 1.0 26.0
15.0 1.0 36.0
16.0 1.0 56.0
17.0 1.0 58.0
18.0 1.0 59.0
19.0 1.0 55.0
20.0 1.0 57.0
20.0 2.0 55.0
19.0 2.0 57.0
18.0 2.0 52.0
17.0 2.0 49.0
16.0 2.0 46.0
15.0 2.0 48.0
14.0 2.0 50.0
13.0 2.0 50.0
12.0 2.0 46.0
11.0 2.0 52.0
10.0 2.0 45.0
9.0 2.0 52.0
8.0 2.0 57.0
7.0 2.0 56.0
6.0 2.0 57.0
5.0 2.0 54.0
4.0 2.0 44.0
3.0 2.0 43.0
2.0 2.0 35.0
1.0 2.0 15.0
0.0 2.0 10.0
-1.0 2.0 9.0
-2.0 2.0 14.0
-3.0 2.0 11.0
-4.0 2.0 17.0
-5.0 2.0 19.0
-6.0 2.0 16.0
-7.0 2.0 17.0
-8.0 2.0 17.0
-9.0 2.0 19.0
-10.0 2.0 16.0
-11.0 2.0 16.0
-12.0 2.0 19.0
-13.0 2.0 17.0
-14.0 2.0 15.0
-15.0 2.0 17.0
-16.0 2.0 17.0
-17.0 2.0 21.0
-18.0 2.0 19.0
-19.0 2.0 24.0
-20.0 2.0 20.0
-20.0 3.0 19.0
-19.0 3.0 20.0
-18.0 3.0 21.0
-17.0 3.0 17.0
-16.0 3.0 16.0
-15.0 3.0 15.0
-14.0 3.0 16.0
-13.0 3.0 19.0
-12.0 3.0 19.0
-11.0 3.0 17.0
-10.0 3.0 20.0
-9.0 3.0 17.0
-8.0 3.0 19.0
-7.0 3.0 16.0
-6.0 3.0 17.0
-5.0 3.0 17.0
-4.0 3.0 14.0
-3.0 3.0 16.0
-2.0 3.0 17.0
-1.0 3.0 19.0
0.0 3.0 16.0
1.0 3.0 17.0
2.0 3.0 26.0
3.0 3.0 16.0
4.0 3.0 19.0
5.0 3.0 17.0
6.0 3.0 16.0
7.0 3.0 14.0
8.0 3.0 9.0
9.0 3.0 5.0
10.0 3.0 9.0
11.0 3.0 5.0
12.0 3.0 11.0
13.0 3.0 30.0
14.0 3.0 52.0
15.0 3.0 49.0
16.0 3.0 51.0
17.0 3.0 54.0
18.0 3.0 50.0
19.0 3.0 52.0
20.0 3.0 50.0
20.0 4.0 50.0
19.0 4.0 50.0
18.0 4.0 55.0
17.0 4.0 49.0
16.0 4.0 49.0
15.0 4.0 48.0
14.0 4.0 49.0
13.0 4.0 49.0
12.0 4.0 44.0
11.0 4.0 48.0
10.0 4.0 49.0
9.0 4.0 49.0
8.0 4.0 52.0
7.0 4.0 50.0
6.0 4.0 50.0
5.0 4.0 49.0
4.0 4.0 42.0
3.0 4.0 46.0
2.0 4.0 35.0
1.0 4.0 26.0
0.0 4.0 15.0
-1.0 4.0 11.0
-2.0 4.0 5.0
-3.0 4.0 14.0
-4.0 4.0 17.0
-5.0 4.0 17.0
-6.0 4.0 16.0
-7.0 4.0 19.0
-8.0 4.0 21.0
-9.0 4.0 15.0
-10.0 4.0 19.0
-11.0 4.0 20.0
-12.0 4.0 17.0
-13.0 4.0 17.0
-14.0 4.0 17.0
-15.0 4.0 17.0
-16.0 4.0 19.0
-17.0 4.0 20.0
-18.0 4.0 19.0
-19.0 4.0 16.0
-20.0 4.0 17.0
-20.0 5.0 21.0
-19.0 5.0 19.0
-18.0 5.0 17.0
-17.0 5.0 20.0
-16.0 5.0 22.0
-15.0 5.0 19.0
-14.0 5.0 21.0
-13.0 5.0 17.0
-12.0 5.0 25.0
-11.0 5.0 20.0
-10.0 5.0 19.0
-9.0 5.0 17.0
-8.0 5.0 20.0
-7.0 5.0 17.0
-6.0 5.0 15.0
-5.0 5.0 19.0
-4.0 5.0 19.0
-3.0 5.0 17.0
-2.0 5.0 17.0
-1.0 5.0 16.0
0.0 5.0 16.0
1.0 5.0 17.0
2.0 5.0 21.0
3.0 5.0 17.0
4.0 5.0 15.0
5.0 5.0 17.0
6.0 5.0 17.0
7.0 5.0 17.0
8.0 5.0 9.0
9.0 5.0 5.0
10.0 5.0 11.0
11.0 5.0 12.0
12.0 5.0 21.0
13.0 5.0 20.0
14.0 5.0 36.0
15.0 5.0 39.0
16.0 5.0 42.0
17.0 5.0 45.0
18.0 5.0 50.0
19.0 5.0 46.0
20.0 5.0 49.0
20.0 6.0 49.0
19.0 6.0 50.0
18.0 6.0 46.0
17.0 6.0 49.0
16.0 6.0 48.0
15.0 6.0 49.0
14.0 6.0 48.0
13.0 6.0 48.0
12.0 6.0 46.0
11.0 6.0 48.0
10.0 6.0 52.0
9.0 6.0 48.0
8.0 6.0 45.0
7.0 6.0 41.0
6.0 6.0 36.0
5.0 6.0 32.0
4.0 6.0 35.0
3.0 6.0 26.0
2.0 6.0 15.0
1.0 6.0 20.0
0.0 6.0 11.0
-1.0 6.0 11.0
-2.0 6.0 10.0
-3.0 6.0 5.0
-4.0 6.0 12.0
-5.0 6.0 22.0
-6.0 6.0 16.0
-7.0 6.0 19.0
-8.0 6.0 17.0
-9.0 6.0 20.0
-10.0 6.0 20.0
-11.0 6.0 17.0
-12.0 6.0 17.0
-13.0 6.0 17.0
-14.0 6.0 17.0
-15.0 6.0 16.0
-16.0 6.0 24.0
-17.0 6.0 17.0
-18.0 6.0 16.0
-19.0 6.0 17.0
-20.0 6.0 22.0
-20.0 7.0 19.0
-19.0 7.0 21.0
-18.0 7.0 20.0
-17.0 7.0 17.0
-16.0 7.0 19.0
-15.0 7.0 14.0
-14.0 7.0 16.0
-13.0 7.0 16.0
-12.0 7.0 20.0
-11.0 7.0 19.0
-10.0 7.0 19.0
-9.0 7.0 16.0
-8.0 7.0 21.0
-7.0 7.0 16.0
-6.0 7.0 16.0
-5.0 7.0 15.0
-4.0 7.0 15.0
-3.0 7.0 17.0
-2.0 7.0 17.0
-1.0 7.0 17.0
0.0 7.0 20.0
1.0 7.0 20.0
2.0 7.0 17.0
3.0 7.0 15.0
4.0 7.0 16.0
5.0 7.0 15.0
6.0 7.0 20.0
7.0 7.0 24.0
8.0 7.0 11.0
9.0 7.0 9.0
10.0 7.0 12.0
11.0 7.0 17.0
12.0 7.0 24.0
13.0 7.0 17.0
14.0 7.0 16.0
15.0 7.0 22.0
16.0 7.0 36.0
17.0 7.0 34.0
18.0 7.0 41.0
19.0 7.0 42.0
20.0 7.0 45.0
20.0 8.0 46.0
19.0 8.0 45.0
18.0 8.0 46.0
17.0 8.0 46.0
16.0 8.0 45.0
15.0 8.0 48.0
14.0 8.0 44.0
13.0 8.0 44.0
12.0 8.0 46.0
11.0 8.0 45.0
10.0 8.0 45.0
9.0 8.0 44.0
8.0 8.0 37.0
7.0 8.0 40.0
6.0 8.0 44.0
5.0 8.0 36.0
4.0 8.0 32.0
3.0 8.0 35.0
2.0 8.0 14.0
1.0 8.0 19.0
0.0 8.0 5.0
-1.0 8.0 9.0
-2.0 8.0 9.0
-3.0 8.0 17.0
-4.0 8.0 17.0
-5.0 8.0 17.0
-6.0 8.0 25.0
-7.0 8.0 17.0
-8.0 8.0 20.0
-9.0 8.0 17.0
-10.0 8.0 17.0
-11.0 8.0 16.0
-12.0 8.0 20.0
-13.0 8.0 15.0
-14.0 8.0 12.0
-15.0 8.0 15.0
-16.0 8.0 21.0
-17.0 8.0 17.0
-18.0 8.0 15.0
-19.0 8.0 17.0
-20.0 8.0 19.0
-20.0 9.0 12.0
-19.0 9.0 12.0
-18.0 9.0 25.0
-17.0 9.0 12.0
-16.0 9.0 11.0
-15.0 9.0 11.0
-14.0 9.0 12.0
-13.0 9.0 14.0
-12.0 9.0 12.0
-11.0 9.0 14.0
-10.0 9.0 12.0
-9.0 9.0 16.0
-8.0 9.0 16.0
-7.0 9.0 15.0
-6.0 9.0 16.0
-5.0 9.0 14.0
-4.0 9.0 15.0
-3.0 9.0 20.0
-2.0 9.0 12.0
-1.0 9.0 15.0
0.0 9.0 20.0
1.0 9.0 17.0
2.0 9.0 19.0
3.0 9.0 15.0
4.0 9.0 17.0
5.0 9.0 16.0
6.0 9.0 15.0
7.0 9.0 20.0
8.0 9.0 17.0
9.0 9.0 9.0
10.0 9.0 10.0
11.0 9.0 14.0
12.0 9.0 16.0
13.0 9.0 9.0
14.0 9.0 15.0
15.0 9.0 25.0
16.0 9.0 48.0
17.0 9.0 57.0
18.0 9.0 52.0
19.0 9.0 50.0
20.0 9.0 50.0
20.0 10.0 42.0
19.0 10.0 43.0
18.0 10.0 46.0
17.0 10.0 44.0
16.0 10.0 41.0
15.0 10.0 49.0
14.0 10.0 46.0
13.0 10.0 42.0
12.0 10.0 46.0
11.0 10.0 50.0
10.0 10.0 38.0
9.0 10.0 50.0
8.0 10.0 59.0
7.0 10.0 54.0
6.0 10.0 61.0
5.0 10.0 57.0
4.0 10.0 26.0
3.0 10.0 20.0
2.0 10.0 12.0
1.0 10.0 5.0
0.0 10.0 11.0
-1.0 10.0 10.0
-2.0 10.0 15.0
-3.0 10.0 12.0
-4.0 10.0 19.0
-5.0 10.0 16.0
-6.0 10.0 15.0
-7.0 10.0 17.0
-8.0 10.0 17.0
-9.0 10.0 19.0
-10.0 10.0 17.0
-11.0 10.0 17.0
-12.0 10.0 16.0
-13.0 10.0 15.0
-14.0 10.0 17.0
-15.0 10.0 15.0
-16.0 10.0 19.0
-17.0 10.0 14.0
-18.0 10.0 16.0
-19.0 10.0 16.0
-20.0 10.0 16.0
-20.0 11.0 11.0
-19.0 11.0 22.0
-18.0 11.0 19.0
-17.0 11.0 15.0
-16.0 11.0 14.0
-15.0 11.0 19.0
-14.0 11.0 16.0
-13.0 11.0 17.0
-12.0 11.0 14.0
-11.0 11.0 15.0
-10.0 11.0 14.0
-9.0 11.0 15.0
-8.0 11.0 17.0
-7.0 11.0 12.0
-6.0 11.0 17.0
-5.0 11.0 17.0
-4.0 11.0 22.0
-3.0 11.0 21.0
-2.0 11.0 17.0
-1.0 11.0 12.0
0.0 11.0 17.0
1.0 11.0 17.0
2.0 11.0 20.0
3.0 11.0 17.0
4.0 11.0 15.0
5.0 11.0 16.0
6.0 11.0 19.0
7.0 11.0 21.0
8.0 11.0 12.0
9.0 11.0 9.0
10.0 11.0 11.0
11.0 11.0 16.0
12.0 11.0 10.0
13.0 11.0 10.0
14.0 11.0 15.0
15.0 11.0 35.0
16.0 11.0 49.0
17.0 11.0 63.0
18.0 11.0 58.0
19.0 11.0 58.0
20.0 11.0 53.0
20.0 12.0 45.0
19.0 12.0 52.0
18.0 12.0 42.0
17.0 12.0 50.0
16.0 12.0 50.0
15.0 12.0 49.0
14.0 12.0 44.0
13.0 12.0 48.0
12.0 12.0 53.0
11.0 12.0 57.0
10.0 12.0 53.0
9.0 12.0 60.0
8.0 12.0 53.0
7.0 12.0 66.0
6.0 12.0 53.0
5.0 12.0 38.0
4.0 12.0 21.0
3.0 12.0 14.0
2.0 12.0 12.0
1.0 12.0 15.0
0.0 12.0 10.0
-1.0 12.0 15.0
-2.0 12.0 10.0
-3.0 12.0 11.0
-4.0 12.0 22.0
-5.0 12.0 16.0
-6.0 12.0 17.0
-7.0 12.0 20.0
-8.0 12.0 22.0
-9.0 12.0 19.0
-10.0 12.0 16.0
-11.0 12.0 21.0
-12.0 12.0 17.0
-13.0 12.0 19.0
-14.0 12.0 20.0
-15.0 12.0 16.0
-16.0 12.0 16.0
-17.0 12.0 20.0
-18.0 12.0 22.0
-19.0 12.0 20.0
-20.0 12.0 20.0
-20.0 13.0 19.0
-19.0 13.0 21.0
-18.0 13.0 16.0
-17.0 13.0 21.0
-16.0 13.0 16.0
-15.0 13.0 20.0
-14.0 13.0 17.0
-13.0 13.0 17.0
-12.0 13.0 20.0
-11.0 13.0 21.0
-10.0 13.0 17.0
-9.0 13.0 21.0
-8.0 13.0 19.0
-7.0 13.0 17.0
-6.0 13.0 20.0
-5.0 13.0 20.0
-4.0 13.0 17.0
-3.0 13.0 19.0
-2.0 13.0 19.0
-1.0 13.0 20.0
0.0 13.0 17.0
1.0 13.0 19.0
2.0 13.0 17.0
3.0 13.0 19.0
4.0 13.0 22.0
5.0 13.0 17.0
6.0 13.0 20.0
7.0 13.0 19.0
8.0 13.0 16.0
9.0 13.0 11.0
10.0 13.0 15.0
11.0 13.0 10.0
12.0 13.0 12.0
13.0 13.0 11.0
14.0 13.0 17.0
15.0 13.0 31.0
16.0 13.0 42.0
17.0 13.0 56.0
18.0 13.0 59.0
19.0 13.0 60.0
20.0 13.0 57.0
20.0 14.0 53.0
19.0 14.0 53.0
18.0 14.0 46.0
17.0 14.0 42.0
16.0 14.0 53.0
15.0 14.0 52.0
14.0 14.0 54.0
13.0 14.0 51.0
12.0 14.0 51.0
11.0 14.0 55.0
10.0 14.0 53.0
9.0 14.0 53.0
8.0 14.0 53.0
7.0 14.0 48.0
6.0 14.0 35.0
5.0 14.0 30.0
4.0 14.0 15.0
3.0 14.0 15.0
2.0 14.0 15.0
1.0 14.0 12.0
0.0 14.0 10.0
-1.0 14.0 11.0
-2.0 14.0 12.0
-3.0 14.0 14.0
-4.0 14.0 19.0
-5.0 14.0 22.0
-6.0 14.0 20.0
-7.0 14.0 19.0
-8.0 14.0 17.0
-9.0 14.0 15.0
-10.0 14.0 19.0
-11.0 14.0 20.0
-12.0 14.0 21.0
-13.0 14.0 22.0
-14.0 14.0 16.0
-15.0 14.0 21.0
-16.0 14.0 22.0
-17.0 14.0 20.0
-18.0 14.0 19.0
-19.0 14.0 19.0
-20.0 14.0 15.0
-20.0 15.0 17.0
-19.0 15.0 20.0
-18.0 15.0 22.0
-17.0 15.0 21.0
-16.0 15.0 21.0
-15.0 15.0 20.0
-14.0 15.0 22.0
-13.0 15.0 21.0
-12.0 15.0 25.0
-11.0 15.0 22.0
-10.0 15.0 19.0
-9.0 15.0 19.0
-8.0 15.0 20.0
-7.0 15.0 20.0
-6.0 15.0 17.0
-5.0 15.0 17.0
-4.0 15.0 16.0
-3.0 15.0 20.0
-2.0 15.0 19.0
-1.0 15.0 21.0
0.0 15.0 20.0
1.0 15.0 21.0
2.0 15.0 20.0
3.0 15.0 19.0
4.0 15.0 20.0
5.0 15.0 20.0
6.0 15.0 21.0
7.0 15.0 20.0
8.0 15.0 20.0
9.0 15.0 10.0
10.0 15.0 6.0
11.0 15.0 16.0
12.0 15.0 14.0
13.0 15.0 16.0
14.0 15.0 16.0
15.0 15.0 17.0
16.0 15.0 15.0
17.0 15.0 40.0
18.0 15.0 54.0
19.0 15.0 55.0
20.0 15.0 51.0
20.0 16.0 53.0
19.0 16.0 44.0
18.0 16.0 46.0
17.0 16.0 44.0
16.0 16.0 45.0
15.0 16.0 41.0
14.0 16.0 49.0
13.0 16.0 44.0
12.0 16.0 45.0
11.0 16.0 41.0
10.0 16.0 51.0
9.0 16.0 54.0
8.0 16.0 44.0
7.0 16.0 45.0
6.0 16.0 44.0
5.0 16.0 35.0
4.0 16.0 19.0
3.0 16.0 14.0
2.0 16.0 14.0
1.0 16.0 19.0
0.0 16.0 11.0
-1.0 16.0 12.0
-2.0 16.0 17.0
-3.0 16.0 20.0
-4.0 16.0 20.0
-5.0 16.0 20.0
-6.0 16.0 19.0
-7.0 16.0 20.0
-8.0 16.0 19.0
-9.0 16.0 17.0
-10.0 16.0 21.0
-11.0 16.0 19.0
-12.0 16.0 20.0
-13.0 16.0 16.0
-14.0 16.0 17.0
-15.0 16.0 19.0
-16.0 16.0 19.0
-17.0 16.0 17.0
-18.0 16.0 21.0
-19.0 16.0 21.0
-20.0 16.0 20.0
-20.0 17.0 20.0
-19.0 17.0 17.0
-18.0 17.0 17.0
-17.0 17.0 20.0
-16.0 17.0 21.0
-15.0 17.0 21.0
-14.0 17.0 19.0
-13.0 17.0 21.0
-12.0 17.0 22.0
-11.0 17.0 19.0
-10.0 17.0 20.0
-9.0 17.0 17.0
-8.0 17.0 19.0
-7.0 17.0 20.0
-6.0 17.0 21.0
-5.0 17.0 16.0
-4.0 17.0 16.0
-3.0 17.0 19.0
-2.0 17.0 19.0
-1.0 17.0 17.0
0.0 17.0 17.0
1.0 17.0 20.0
2.0 17.0 17.0
3.0 17.0 21.0
4.0 17.0 20.0
5.0 17.0 20.0
6.0 17.0 17.0
7.0 17.0 21.0
8.0 17.0 21.0
9.0 17.0 5.0
10.0 17.0 14.0
11.0 17.0 11.0
12.0 17.0 11.0
13.0 17.0 12.0
14.0 17.0 14.0
15.0 17.0 12.0
16.0 17.0 15.0
17.0 17.0 38.0
18.0 17.0 54.0
19.0 17.0 52.0
20.0 17.0 57.0
20.0 18.0 43.0
19.0 18.0 43.0
18.0 18.0 46.0
17.0 18.0 48.0
16.0 18.0 49.0
15.0 18.0 42.0
14.0 18.0 42.0
13.0 18.0 38.0
12.0 18.0 55.0
11.0 18.0 49.0
10.0 18.0 44.0
9.0 18.0 42.0
8.0 18.0 52.0
7.0 18.0 46.0
6.0 18.0 37.0
5.0 18.0 19.0
4.0 18.0 15.0
3.0 18.0 9.0
2.0 18.0 10.0
1.0 18.0 12.0
0.0 18.0 12.0
-1.0 18.0 10.0
-2.0 18.0 11.0
-3.0 18.0 19.0
-4.0 18.0 22.0
-5.0 18.0 19.0
-6.0 18.0 20.0
-7.0 18.0 20.0
-8.0 18.0 20.0
-9.0 18.0 16.0
-10.0 18.0 16.0
-11.0 18.0 19.0
-12.0 18.0 17.0
-13.0 18.0 17.0
-14.0 18.0 16.0
-15.0 18.0 19.0
-16.0 18.0 17.0
-17.0 18.0 19.0
-18.0 18.0 17.0
-19.0 18.0 19.0
-20.0 18.0 17.0
-20.0 19.0 21.0
-19.0 19.0 20.0
-18.0 19.0 19.0
-17.0 19.0 25.0
-16.0 19.0 17.0
-15.0 19.0 19.0
-14.0 19.0 19.0
-13.0 19.0 20.0
-12.0 19.0 22.0
-11.0 19.0 24.0
-10.0 19.0 17.0
-9.0 19.0 20.0
-8.0 19.0 20.0
-7.0 19.0 17.0
-6.0 19.0 19.0
-5.0 19.0 16.0
-4.0 19.0 19.0
-3.0 19.0 14.0
-2.0 19.0 20.0
-1.0 19.0 16.0
0.0 19.0 20.0
1.0 19.0 17.0
2.0 19.0 19.0
3.0 19.0 15.0
4.0 19.0 17.0
5.0 19.0 17.0
6.0 19.0 17.0
7.0 19.0 17.0
8.0 19.0 19.0
9.0 19.0 20.0
10.0 19.0 9.0
11.0 19.0 6.0
12.0 19.0 16.0
13.0 19.0 10.0
14.0 19.0 17.0
15.0 19.0 14.0
16.0 19.0 10.0
17.0 19.0 16.0
18.0 19.0 24.0
19.0 19.0 49.0
20.0 19.0 43.0
20.0 20.0 41.0
19.0 20.0 40.0
18.0 20.0 43.0
17.0 20.0 49.0
16.0 20.0 42.0
15.0 20.0 31.0
14.0 20.0 40.0
13.0 20.0 41.0
12.0 20.0 39.0
11.0 20.0 49.0
10.0 20.0 43.0
9.0 20.0 48.0
8.0 20.0 39.0
7.0 20.0 39.0
6.0 20.0 25.0
5.0 20.0 14.0
4.0 20.0 12.0
3.0 20.0 9.0
2.0 20.0 9.0
1.0 20.0 16.0
0.0 20.0 10.0
-1.0 20.0 14.0
-2.0 20.0 12.0
-3.0 20.0 21.0
-4.0 20.0 17.0
-5.0 20.0 17.0
-6.0 20.0 17.0
-7.0 20.0 15.0
-8.0 20.0 16.0
-9.0 20.0 19.0
-10.0 20.0 15.0
-11.0 20.0 24.0
-12.0 20.0 17.0
-13.0 20.0 17.0
-14.0 20.0 19.0
-15.0 20.0 24.0
-16.0 20.0 17.0
-17.0 20.0 20.0
-18.0 20.0 15.0
-19.0 20.0 15.0
-20.0 20.0 16.0
-20.0 21.0 16.0
-19.0 21.0 19.0
-18.0 21.0 15.0
-17.0 21.0 22.0
-16.0 21.0 19.0
-15.0 21.0 19.0
-14.0 21.0 17.0
-13.0 21.0 21.0
-12.0 21.0 20.0
-11.0 21.0 20.0
-10.0 21.0 19.0
-9.0 21.0 17.0
-8.0 21.0 19.0
-7.0 21.0 17.0
-6.0 21.0 15.0
-5.0 21.0 19.0
-4.0 21.0 19.0
-3.0 21.0 16.0
-2.0 21.0 15.0
-1.0 21.0 17.0
0.0 21.0 15.0
1.0 21.0 17.0
2.0 21.0 15.0
3.0 21.0 16.0
4.0 21.0 16.0
5.0 21.0 15.0
6.0 21.0 17.0
7.0 21.0 15.0
8.0 21.0 16.0
9.0 21.0 16.0
10.0 21.0 10.0
11.0 21.0 12.0
12.0 21.0 12.0
13.0 21.0 11.0
14.0 21.0 9.0
15.0 21.0 12.0
16.0 21.0 14.0
17.0 21.0 25.0
18.0 21.0 34.0
19.0 21.0 38.0
20.0 21.0 39.0
