20.0 -20.0 69.0
18.0 -20.0 71.0
16.0 -20.0 71.0
14.0 -20.0 70.0
12.0 -20.0 86.0
10.0 -20.0 88.0
8.0 -20.0 88.0
6.0 -20.0 85.0
4.0 -20.0 22.0
2.0 -20.0 27.0
0.0 -20.0 26.0
-2.0 -20.0 24.0
-4.0 -20.0 37.0
-6.0 -20.0 43.0
-8.0 -20.0 19.0
-10.0 -20.0 30.0
-12.0 -20.0 57.0
-14.0 -20.0 97.0
-16.0 -20.0 89.0
-18.0 -20.0 91.0
-20.0 -20.0 91.0
-22.0 -20.0 91.0
-24.0 -20.0 87.0
-26.0 -20.0 89.0
-28.0 -20.0 91.0
-30.0 -20.0 89.0
-32.0 -20.0 88.0
-34.0 -20.0 91.0
-36.0 -20.0 91.0
-38.0 -20.0 89.0
-40.0 -20.0 89.0
-40.0 -14.0 88.0
-38.0 -14.0 87.0
-36.0 -14.0 84.0
-34.0 -14.0 85.0
-32.0 -14.0 93.0
-30.0 -14.0 96.0
-28.0 -14.0 91.0
-26.0 -14.0 85.0
-24.0 -14.0 78.0
-22.0 -14.0 75.0
-20.0 -14.0 80.0
-18.0 -14.0 89.0
-16.0 -14.0 89.0
-14.0 -14.0 86.0
-12.0 -14.0 85.0
-10.0 -14.0 88.0
-8.0 -14.0 88.0
-6.0 -14.0 87.0
-4.0 -14.0 88.0
-2.0 -14.0 87.0
0.0 -14.0 88.0
2.0 -14.0 88.0
4.0 -14.0 87.0
6.0 -14.0 87.0
8.0 -14.0 87.0
10.0 -14.0 86.0
12.0 -14.0 136.0
14.0 -14.0 132.0
16.0 -14.0 91.0
18.0 -14.0 53.0
20.0 -14.0 37.0
20.0 -8.0 99.0
18.0 -8.0 76.0
16.0 -8.0 88.0
14.0 -8.0 89.0
12.0 -8.0 89.0
10.0 -8.0 91.0
8.0 -8.0 89.0
6.0 -8.0 88.0
4.0 -8.0 22.0
2.0 -8.0 21.0
0.0 -8.0 26.0
-2.0 -8.0 42.0
-4.0 -8.0 52.0
-6.0 -8.0 44.0
-8.0 -8.0 31.0
-10.0 -8.0 31.0
-12.0 -8.0 60.0
-14.0 -8.0 89.0
-16.0 -8.0 84.0
-18.0 -8.0 87.0
-20.0 -8.0 86.0
-22.0 -8.0 87.0
-24.0 -8.0 87.0
-26.0 -8.0 87.0
-28.0 -8.0 89.0
-30.0 -8.0 91.0
-32.0 -8.0 88.0
-34.0 -8.0 78.0
-36.0 -8.0 72.0
-38.0 -8.0 75.0
-40.0 -8.0 73.0
-40.0 -2.0 87.0
-38.0 -2.0 87.0
-36.0 -2.0 87.0
-34.0 -2.0 87.0
-32.0 -2.0 90.0
-30.0 -2.0 75.0
-28.0 -2.0 71.0
-26.0 -2.0 73.0
-24.0 -2.0 87.0
-22.0 -2.0 87.0
-20.0 -2.0 88.0
-18.0 -2.0 87.0
-16.0 -2.0 88.0
-14.0 -2.0 86.0
-12.0 -2.0 84.0
-10.0 -2.0 85.0
-8.0 -2.0 84.0
-6.0 -2.0 82.0
-4.0 -2.0 82.0
-2.0 -2.0 84.0
0.0 -2.0 67.0
2.0 -2.0 83.0
4.0 -2.0 84.0
6.0 -2.0 83.0
8.0 -2.0 83.0
10.0 -2.0 84.0
12.0 -2.0 80.0
14.0 -2.0 83.0
16.0 -2.0 83.0
18.0 -2.0 82.0
20.0 -2.0 82.0
20.0 4.0 102.0
18.0 4.0 86.0
16.0 4.0 82.0
14.0 4.0 82.0
12.0 4.0 82.0
10.0 4.0 83.0
8.0 4.0 52.0
6.0 4.0 30.0
4.0 4.0 35.0
2.0 4.0 21.0
0.0 4.0 27.0
-2.0 4.0 32.0
-4.0 4.0 30.0
-6.0 4.0 24.0
-8.0 4.0 50.0
-10.0 4.0 86.0
-12.0 4.0 84.0
-14.0 4.0 82.0
-16.0 4.0 83.0
-18.0 4.0 87.0
-20.0 4.0 83.0
-22.0 4.0 85.0
-24.0 4.0 85.0
-26.0 4.0 87.0
-28.0 4.0 85.0
-30.0 4.0 88.0
-32.0 4.0 87.0
-34.0 4.0 82.0
-36.0 4.0 60.0
-38.0 4.0 42.0
-40.0 4.0 56.0
-40.0 10.0 22.0
-38.0 10.0 37.0
-36.0 10.0 43.0
-34.0 10.0 32.0
-32.0 10.0 35.0
-30.0 10.0 59.0
-28.0 10.0 31.0
-26.0 10.0 68.0
-24.0 10.0 83.0
-22.0 10.0 85.0
-20.0 10.0 85.0
-18.0 10.0 84.0
-16.0 10.0 84.0
-14.0 10.0 85.0
-12.0 10.0 86.0
-10.0 10.0 85.0
-8.0 10.0 84.0
-6.0 10.0 83.0
-4.0 10.0 84.0
-2.0 10.0 82.0
0.0 10.0 85.0
2.0 10.0 84.0
4.0 10.0 83.0
6.0 10.0 85.0
8.0 10.0 84.0
10.0 10.0 84.0
12.0 10.0 85.0
14.0 10.0 144.0
16.0 10.0 138.0
18.0 10.0 92.0
20.0 10.0 25.0
20.0 16.0 58.0
18.0 16.0 0.0
16.0 16.0 0.0
14.0 16.0 0.0
12.0 16.0 69.0
10.0 16.0 61.0
8.0 16.0 82.0
6.0 16.0 27.0
4.0 16.0 25.0
2.0 16.0 27.0
0.0 16.0 25.0
-2.0 16.0 32.0
-4.0 16.0 20.0
-6.0 16.0 21.0
-8.0 16.0 41.0
-10.0 16.0 83.0
-12.0 16.0 82.0
-14.0 16.0 83.0
-16.0 16.0 87.0
-18.0 16.0 85.0
-20.0 16.0 83.0
-22.0 16.0 84.0
-24.0 16.0 85.0
-26.0 16.0 88.0
-28.0 16.0 86.0
-30.0 16.0 88.0
-32.0 16.0 87.0
-34.0 16.0 69.0
-36.0 16.0 67.0
-38.0 16.0 45.0
-40.0 16.0 52.0
-40.0 22.0 32.0
-38.0 22.0 54.0
-36.0 22.0 63.0
-34.0 22.0 49.0
-32.0 22.0 60.0
-30.0 22.0 45.0
-28.0 22.0 45.0
-26.0 22.0 38.0
-24.0 22.0 39.0
-22.0 22.0 52.0
-20.0 22.0 43.0
-18.0 22.0 52.0
-16.0 22.0 43.0
-14.0 22.0 42.0
-12.0 22.0 50.0
-10.0 22.0 45.0
-8.0 22.0 44.0
-6.0 22.0 54.0
-4.0 22.0 43.0
-2.0 22.0 38.0
0.0 22.0 45.0
2.0 22.0 50.0
4.0 22.0 49.0
6.0 22.0 44.0
8.0 22.0 46.0
10.0 22.0 52.0
12.0 22.0 50.0
14.0 22.0 46.0
16.0 22.0 45.0
18.0 22.0 45.0
20.0 22.0 51.0
20.0 28.0 54.0
18.0 28.0 48.0
16.0 28.0 44.0
14.0 28.0 54.0
12.0 28.0 46.0
10.0 28.0 45.0
8.0 28.0 46.0
6.0 28.0 40.0
4.0 28.0 45.0
2.0 28.0 43.0
0.0 28.0 50.0
-2.0 28.0 48.0
-4.0 28.0 46.0
-6.0 28.0 51.0
-8.0 28.0 43.0
-10.0 28.0 59.0
-12.0 28.0 42.0
-14.0 28.0 43.0
-16.0 28.0 42.0
-18.0 28.0 49.0
-20.0 28.0 48.0
-22.0 28.0 46.0
-24.0 28.0 51.0
-26.0 28.0 45.0
-28.0 28.0 43.0
-30.0 28.0 45.0
-32.0 28.0 52.0
-34.0 28.0 43.0
-36.0 28.0 50.0
-38.0 28.0 42.0
-40.0 28.0 50.0
-40.0 34.0 42.0
-38.0 34.0 41.0
-36.0 34.0 46.0
-34.0 34.0 48.0
-32.0 34.0 52.0
-30.0 34.0 52.0
-28.0 34.0 53.0
-26.0 34.0 46.0
-24.0 34.0 55.0
-22.0 34.0 45.0
-20.0 34.0 49.0
-18.0 34.0 40.0
-16.0 34.0 52.0
-14.0 34.0 43.0
-12.0 34.0 45.0
-10.0 34.0 48.0
-8.0 34.0 45.0
-6.0 34.0 52.0
-4.0 34.0 52.0
-2.0 34.0 48.0
0.0 34.0 50.0
2.0 34.0 45.0
4.0 34.0 49.0
6.0 34.0 42.0
8.0 34.0 52.0
10.0 34.0 51.0
12.0 34.0 48.0
14.0 34.0 48.0
16.0 34.0 45.0
18.0 34.0 49.0
20.0 34.0 51.0
20.0 40.0 49.0
18.0 40.0 38.0
16.0 40.0 46.0
14.0 40.0 40.0
12.0 40.0 45.0
10.0 40.0 51.0
8.0 40.0 48.0
6.0 40.0 43.0
4.0 40.0 42.0
2.0 40.0 41.0
0.0 40.0 42.0
-2.0 40.0 41.0
-4.0 40.0 39.0
-6.0 40.0 50.0
-8.0 40.0 38.0
-10.0 40.0 46.0
-12.0 40.0 43.0
-14.0 40.0 43.0
-16.0 40.0 43.0
-18.0 40.0 46.0
-20.0 40.0 45.0
-22.0 40.0 43.0
-24.0 40.0 42.0
-26.0 40.0 39.0
-28.0 40.0 46.0
-30.0 40.0 43.0
-32.0 40.0 37.0
-34.0 40.0 44.0
-36.0 40.0 45.0
-38.0 40.0 36.0
-40.0 40.0 44.0
-40.0 46.0 45.0
-38.0 46.0 51.0
-36.0 46.0 40.0
-34.0 46.0 43.0
-32.0 46.0 45.0
-30.0 46.0 53.0
-28.0 46.0 41.0
-26.0 46.0 36.0
-24.0 46.0 45.0
-22.0 46.0 52.0
-20.0 46.0 38.0
-18.0 46.0 43.0
-16.0 46.0 36.0
-14.0 46.0 42.0
-12.0 46.0 46.0
-10.0 46.0 45.0
-8.0 46.0 43.0
-6.0 46.0 50.0
-4.0 46.0 43.0
-2.0 46.0 44.0
0.0 46.0 42.0
2.0 46.0 46.0
4.0 46.0 40.0
6.0 46.0 42.0
8.0 46.0 48.0
10.0 46.0 40.0
12.0 46.0 44.0
14.0 46.0 46.0
16.0 46.0 44.0
18.0 46.0 48.0
20.0 46.0 38.0
