20.0 -20.0 22.0
18.0 -20.0 6.0
16.0 -20.0 12.0
14.0 -20.0 12.0
12.0 -20.0 10.0
10.0 -20.0 14.0
8.0 -20.0 12.0
6.0 -20.0 12.0
4.0 -20.0 20.0
2.0 -20.0 12.0
0.0 -20.0 12.0
-2.0 -20.0 10.0
-4.0 -20.0 16.0
-6.0 -20.0 20.0
-8.0 -20.0 16.0
-10.0 -20.0 12.0
-12.0 -20.0 14.0
-14.0 -20.0 12.0
-16.0 -20.0 12.0
-18.0 -20.0 16.0
-20.0 -20.0 16.0
-22.0 -20.0 9.0
-24.0 -20.0 15.0
-26.0 -20.0 20.0
-28.0 -20.0 15.0
-30.0 -20.0 22.0
-32.0 -20.0 15.0
-34.0 -20.0 10.0
-36.0 -20.0 6.0
-38.0 -20.0 12.0
-40.0 -20.0 14.0
-40.0 -14.0 14.0
-38.0 -14.0 16.0
-36.0 -14.0 15.0
-34.0 -14.0 15.0
-32.0 -14.0 17.0
-30.0 -14.0 17.0
-28.0 -14.0 14.0
-26.0 -14.0 12.0
-24.0 -14.0 20.0
-22.0 -14.0 16.0
-20.0 -14.0 17.0
-18.0 -14.0 12.0
-16.0 -14.0 21.0
-14.0 -14.0 15.0
-12.0 -14.0 12.0
-10.0 -14.0 36.0
-8.0 -14.0 27.0
-6.0 -14.0 22.0
-4.0 -14.0 24.0
-2.0 -14.0 74.0
0.0 -14.0 78.0
2.0 -14.0 84.0
4.0 -14.0 0.0
6.0 -14.0 102.0
8.0 -14.0 95.0
10.0 -14.0 93.0
12.0 -14.0 66.0
14.0 -14.0 62.0
16.0 -14.0 70.0
18.0 -14.0 72.0
20.0 -14.0 72.0
20.0 -8.0 71.0
18.0 -8.0 67.0
16.0 -8.0 71.0
14.0 -8.0 71.0
12.0 -8.0 74.0
10.0 -8.0 39.0
8.0 -8.0 22.0
6.0 -8.0 24.0
4.0 -8.0 88.0
2.0 -8.0 27.0
0.0 -8.0 24.0
-2.0 -8.0 34.0
-4.0 -8.0 48.0
-6.0 -8.0 40.0
-8.0 -8.0 32.0
-10.0 -8.0 22.0
-12.0 -8.0 55.0
-14.0 -8.0 87.0
-16.0 -8.0 84.0
-18.0 -8.0 87.0
-20.0 -8.0 86.0
-22.0 -8.0 86.0
-24.0 -8.0 88.0
-26.0 -8.0 87.0
-28.0 -8.0 89.0
-30.0 -8.0 88.0
-32.0 -8.0 89.0
-34.0 -8.0 89.0
-36.0 -8.0 76.0
-38.0 -8.0 73.0
-40.0 -8.0 75.0
-40.0 -2.0 103.0
-38.0 -2.0 90.0
-36.0 -2.0 88.0
-34.0 -2.0 87.0
-32.0 -2.0 86.0
-30.0 -2.0 76.0
-28.0 -2.0 72.0
-26.0 -2.0 72.0
-24.0 -2.0 89.0
-22.0 -2.0 88.0
-20.0 -2.0 87.0
-18.0 -2.0 89.0
-16.0 -2.0 89.0
-14.0 -2.0 88.0
-12.0 -2.0 86.0
-10.0 -2.0 86.0
-8.0 -2.0 84.0
-6.0 -2.0 84.0
-4.0 -2.0 83.0
-2.0 -2.0 84.0
0.0 -2.0 72.0
2.0 -2.0 35.0
4.0 -2.0 27.0
6.0 -2.0 30.0
8.0 -2.0 31.0
10.0 -2.0 27.0
12.0 -2.0 30.0
14.0 -2.0 25.0
16.0 -2.0 42.0
18.0 -2.0 87.0
20.0 -2.0 87.0
20.0 4.0 115.0
18.0 4.0 89.0
16.0 4.0 88.0
14.0 4.0 0.0
12.0 4.0 0.0
10.0 4.0 74.0
8.0 4.0 68.0
6.0 4.0 61.0
4.0 4.0 66.0
2.0 4.0 62.0
0.0 4.0 68.0
-2.0 4.0 65.0
-4.0 4.0 55.0
-6.0 4.0 69.0
-8.0 4.0 58.0
-10.0 4.0 67.0
-12.0 4.0 70.0
-14.0 4.0 71.0
-16.0 4.0 69.0
-18.0 4.0 57.0
-20.0 4.0 0.0
-22.0 4.0 37.0
-24.0 4.0 54.0
-26.0 4.0 86.0
-28.0 4.0 83.0
-30.0 4.0 86.0
-32.0 4.0 71.0
-34.0 4.0 68.0
-36.0 4.0 69.0
-38.0 4.0 62.0
-40.0 4.0 32.0
-40.0 10.0 38.0
-38.0 10.0 20.0
-36.0 10.0 14.0
-34.0 10.0 20.0
-32.0 10.0 19.0
-30.0 10.0 22.0
-28.0 10.0 14.0
-26.0 10.0 21.0
-24.0 10.0 32.0
-22.0 10.0 58.0
-20.0 10.0 77.0
-18.0 10.0 76.0
-16.0 10.0 75.0
-14.0 10.0 79.0
-12.0 10.0 82.0
-10.0 10.0 78.0
-8.0 10.0 73.0
-6.0 10.0 76.0
-4.0 10.0 75.0
-2.0 10.0 76.0
0.0 10.0 48.0
2.0 10.0 30.0
4.0 10.0 25.0
6.0 10.0 24.0
8.0 10.0 26.0
10.0 10.0 24.0
12.0 10.0 30.0
14.0 10.0 22.0
16.0 10.0 0.0
18.0 10.0 38.0
20.0 10.0 45.0
20.0 16.0 52.0
18.0 16.0 52.0
16.0 16.0 43.0
14.0 16.0 40.0
12.0 16.0 43.0
10.0 16.0 59.0
8.0 16.0 42.0
6.0 16.0 36.0
4.0 16.0 30.0
2.0 16.0 20.0
0.0 16.0 20.0
-2.0 16.0 25.0
-4.0 16.0 30.0
-6.0 16.0 15.0
-8.0 16.0 17.0
-10.0 16.0 21.0
-12.0 16.0 73.0
-14.0 16.0 71.0
-16.0 16.0 71.0
-18.0 16.0 54.0
-20.0 16.0 62.0
-22.0 16.0 68.0
-24.0 16.0 75.0
-26.0 16.0 59.0
-28.0 16.0 73.0
-30.0 16.0 48.0
-32.0 16.0 30.0
-34.0 16.0 15.0
-36.0 16.0 20.0
-38.0 16.0 19.0
-40.0 16.0 19.0
-40.0 22.0 15.0
-38.0 22.0 16.0
-36.0 22.0 16.0
-34.0 22.0 20.0
-32.0 22.0 16.0
-30.0 22.0 16.0
-28.0 22.0 19.0
-26.0 22.0 11.0
-24.0 22.0 17.0
-22.0 22.0 21.0
-20.0 22.0 48.0
-18.0 22.0 60.0
-16.0 22.0 67.0
-14.0 22.0 67.0
-12.0 22.0 71.0
-10.0 22.0 63.0
-8.0 22.0 61.0
-6.0 22.0 54.0
-4.0 22.0 17.0
-2.0 22.0 14.0
0.0 22.0 21.0
2.0 22.0 22.0
4.0 22.0 30.0
6.0 22.0 31.0
8.0 22.0 30.0
10.0 22.0 19.0
12.0 22.0 15.0
14.0 22.0 20.0
16.0 22.0 22.0
18.0 22.0 31.0
20.0 22.0 36.0
20.0 28.0 0.0
18.0 28.0 54.0
16.0 28.0 0.0
14.0 28.0 52.0
12.0 28.0 25.0
10.0 28.0 27.0
8.0 28.0 20.0
6.0 28.0 22.0
4.0 28.0 22.0
2.0 28.0 17.0
0.0 28.0 21.0
-2.0 28.0 17.0
-4.0 28.0 22.0
-6.0 28.0 19.0
-8.0 28.0 19.0
-10.0 28.0 22.0
-12.0 28.0 24.0
-14.0 28.0 20.0
-16.0 28.0 16.0
-18.0 28.0 34.0
-20.0 28.0 36.0
-22.0 28.0 48.0
-24.0 28.0 30.0
-26.0 28.0 35.0
-28.0 28.0 44.0
-30.0 28.0 24.0
-32.0 28.0 16.0
-34.0 28.0 19.0
-36.0 28.0 17.0
-38.0 28.0 20.0
-40.0 28.0 17.0
-40.0 34.0 15.0
-38.0 34.0 20.0
-36.0 34.0 14.0
-34.0 34.0 17.0
-32.0 34.0 22.0
-30.0 34.0 20.0
-28.0 34.0 26.0
-26.0 34.0 11.0
-24.0 34.0 12.0
-22.0 34.0 21.0
-20.0 34.0 17.0
-18.0 34.0 20.0
-16.0 34.0 17.0
-14.0 34.0 15.0
-12.0 34.0 15.0
-10.0 34.0 17.0
-8.0 34.0 24.0
-6.0 34.0 12.0
-4.0 34.0 14.0
-2.0 34.0 15.0
0.0 34.0 14.0
2.0 34.0 9.0
4.0 34.0 12.0
6.0 34.0 12.0
8.0 34.0 16.0
10.0 34.0 20.0
12.0 34.0 22.0
14.0 34.0 21.0
16.0 34.0 15.0
18.0 34.0 25.0
20.0 34.0 17.0
20.0 40.0 14.0
18.0 40.0 12.0
16.0 40.0 17.0
14.0 40.0 15.0
12.0 40.0 15.0
10.0 40.0 16.0
8.0 40.0 11.0
6.0 40.0 11.0
4.0 40.0 12.0
2.0 40.0 14.0
0.0 40.0 9.0
-2.0 40.0 0.0
-4.0 40.0 0.0
-6.0 40.0 11.0
-8.0 40.0 17.0
-10.0 40.0 16.0
-12.0 40.0 15.0
-14.0 40.0 14.0
-16.0 40.0 16.0
-18.0 40.0 24.0
-20.0 40.0 26.0
-22.0 40.0 26.0
-24.0 40.0 17.0
-26.0 40.0 26.0
-28.0 40.0 22.0
-30.0 40.0 22.0
-32.0 40.0 11.0
-34.0 40.0 12.0
-36.0 40.0 14.0
-38.0 40.0 20.0
-40.0 40.0 19.0
-40.0 46.0 16.0
-38.0 46.0 16.0
-36.0 46.0 11.0
-34.0 46.0 20.0
-32.0 46.0 14.0
-30.0 46.0 14.0
-28.0 46.0 17.0
-26.0 46.0 12.0
-24.0 46.0 17.0
-22.0 46.0 26.0
-20.0 46.0 16.0
-18.0 46.0 27.0
-16.0 46.0 31.0
-14.0 46.0 32.0
-12.0 46.0 31.0
-10.0 46.0 32.0
-8.0 46.0 15.0
-6.0 46.0 12.0
-4.0 46.0 9.0
-2.0 46.0 12.0
0.0 46.0 11.0
2.0 46.0 14.0
4.0 46.0 16.0
6.0 46.0 9.0
8.0 46.0 11.0
10.0 46.0 11.0
12.0 46.0 11.0
14.0 46.0 12.0
16.0 46.0 10.0
18.0 46.0 9.0
20.0 46.0 12.0
