20.0 -20.0 4.0
18.0 -20.0 10.0
16.0 -20.0 0.0
14.0 -20.0 1.0
12.0 -20.0 9.0
10.0 -20.0 9.0
8.0 -20.0 10.0
6.0 -20.0 10.0
4.0 -20.0 12.0
2.0 -20.0 10.0
0.0 -20.0 15.0
-2.0 -20.0 21.0
-4.0 -20.0 9.0
-6.0 -20.0 4.0
-8.0 -20.0 20.0
-10.0 -20.0 10.0
-12.0 -20.0 12.0
-14.0 -20.0 12.0
-16.0 -20.0 10.0
-18.0 -20.0 4.0
-20.0 -20.0 4.0
-22.0 -20.0 6.0
-24.0 -20.0 12.0
-26.0 -20.0 14.0
-28.0 -20.0 16.0
-30.0 -20.0 4.0
-32.0 -20.0 1.0
-34.0 -20.0 9.0
-36.0 -20.0 10.0
-38.0 -20.0 4.0
-40.0 -20.0 16.0
-40.0 -14.0 12.0
-38.0 -14.0 14.0
-36.0 -14.0 10.0
-34.0 -14.0 14.0
-32.0 -14.0 14.0
-30.0 -14.0 12.0
-28.0 -14.0 10.0
-26.0 -14.0 21.0
-24.0 -14.0 10.0
-22.0 -14.0 6.0
-20.0 -14.0 0.0
-18.0 -14.0 10.0
-16.0 -14.0 17.0
-14.0 -14.0 10.0
-12.0 -14.0 14.0
-10.0 -14.0 19.0
-8.0 -14.0 9.0
-6.0 -14.0 12.0
-4.0 -14.0 4.0
-2.0 -14.0 17.0
0.0 -14.0 10.0
2.0 -14.0 2.0
4.0 -14.0 17.0
6.0 -14.0 10.0
8.0 -14.0 5.0
10.0 -14.0 10.0
12.0 -14.0 10.0
14.0 -14.0 10.0
16.0 -14.0 6.0
18.0 -14.0 1.0
20.0 -14.0 12.0
20.0 -8.0 14.0
18.0 -8.0 12.0
16.0 -8.0 6.0
14.0 -8.0 4.0
12.0 -8.0 0.0
10.0 -8.0 12.0
8.0 -8.0 9.0
6.0 -8.0 6.0
4.0 -8.0 6.0
2.0 -8.0 10.0
0.0 -8.0 5.0
-2.0 -8.0 9.0
-4.0 -8.0 12.0
-6.0 -8.0 2.0
-8.0 -8.0 10.0
-10.0 -8.0 10.0
-12.0 -8.0 12.0
-14.0 -8.0 12.0
-16.0 -8.0 4.0
-18.0 -8.0 12.0
-20.0 -8.0 6.0
-22.0 -8.0 16.0
-24.0 -8.0 6.0
-26.0 -8.0 12.0
-28.0 -8.0 12.0
-30.0 -8.0 9.0
-32.0 -8.0 5.0
-34.0 -8.0 12.0
-36.0 -8.0 14.0
-38.0 -8.0 12.0
-40.0 -8.0 1.0
-40.0 -2.0 1.0
-38.0 -2.0 9.0
-36.0 -2.0 16.0
-34.0 -2.0 12.0
-32.0 -2.0 19.0
-30.0 -2.0 0.0
-28.0 -2.0 12.0
-26.0 -2.0 12.0
-24.0 -2.0 12.0
-22.0 -2.0 2.0
-20.0 -2.0 6.0
-18.0 -2.0 6.0
-16.0 -2.0 20.0
-14.0 -2.0 16.0
-12.0 -2.0 12.0
-10.0 -2.0 12.0
-8.0 -2.0 6.0
-6.0 -2.0 6.0
-4.0 -2.0 12.0
-2.0 -2.0 10.0
0.0 -2.0 5.0
2.0 -2.0 12.0
4.0 -2.0 12.0
6.0 -2.0 12.0
8.0 -2.0 14.0
10.0 -2.0 4.0
12.0 -2.0 12.0
14.0 -2.0 6.0
16.0 -2.0 15.0
18.0 -2.0 17.0
20.0 -2.0 12.0
20.0 4.0 10.0
18.0 4.0 12.0
16.0 4.0 10.0
14.0 4.0 10.0
12.0 4.0 15.0
10.0 4.0 9.0
8.0 4.0 17.0
6.0 4.0 17.0
4.0 4.0 12.0
2.0 4.0 12.0
0.0 4.0 10.0
-2.0 4.0 9.0
-4.0 4.0 12.0
-6.0 4.0 19.0
-8.0 4.0 12.0
-10.0 4.0 15.0
-12.0 4.0 16.0
-14.0 4.0 12.0
-16.0 4.0 14.0
-18.0 4.0 6.0
-20.0 4.0 16.0
-22.0 4.0 6.0
-24.0 4.0 4.0
-26.0 4.0 15.0
-28.0 4.0 20.0
-30.0 4.0 12.0
-32.0 4.0 14.0
-34.0 4.0 20.0
-36.0 4.0 15.0
-38.0 4.0 12.0
-40.0 4.0 12.0
-40.0 10.0 5.0
-38.0 10.0 15.0
-36.0 10.0 2.0
-34.0 10.0 14.0
-32.0 10.0 12.0
-30.0 10.0 4.0
-28.0 10.0 15.0
-26.0 10.0 9.0
-24.0 10.0 24.0
-22.0 10.0 17.0
-20.0 10.0 1.0
-18.0 10.0 20.0
-16.0 10.0 6.0
-14.0 10.0 12.0
-12.0 10.0 10.0
-10.0 10.0 21.0
-8.0 10.0 10.0
-6.0 10.0 10.0
-4.0 10.0 10.0
-2.0 10.0 10.0
0.0 10.0 20.0
2.0 10.0 17.0
4.0 10.0 10.0
6.0 10.0 9.0
8.0 10.0 10.0
10.0 10.0 12.0
12.0 10.0 1.0
14.0 10.0 4.0
16.0 10.0 6.0
18.0 10.0 9.0
20.0 10.0 5.0
20.0 16.0 0.0
18.0 16.0 0.0
16.0 16.0 21.0
14.0 16.0 9.0
12.0 16.0 0.0
10.0 16.0 0.0
8.0 16.0 0.0
6.0 16.0 55.0
4.0 16.0 72.0
2.0 16.0 69.0
0.0 16.0 63.0
-2.0 16.0 67.0
-4.0 16.0 62.0
-6.0 16.0 67.0
-8.0 16.0 62.0
-10.0 16.0 60.0
-12.0 16.0 72.0
-14.0 16.0 66.0
-16.0 16.0 56.0
-18.0 16.0 70.0
-20.0 16.0 59.0
-22.0 16.0 67.0
-24.0 16.0 59.0
-26.0 16.0 67.0
-28.0 16.0 67.0
-30.0 16.0 60.0
-32.0 16.0 71.0
-34.0 16.0 67.0
-36.0 16.0 65.0
-38.0 16.0 58.0
-40.0 16.0 60.0
-40.0 22.0 57.0
-38.0 22.0 57.0
-36.0 22.0 66.0
-34.0 22.0 65.0
-32.0 22.0 53.0
-30.0 22.0 53.0
-28.0 22.0 61.0
-26.0 22.0 58.0
-24.0 22.0 53.0
-22.0 22.0 55.0
-20.0 22.0 55.0
-18.0 22.0 50.0
-16.0 22.0 61.0
-14.0 22.0 55.0
-12.0 22.0 58.0
-10.0 22.0 69.0
-8.0 22.0 58.0
-6.0 22.0 45.0
-4.0 22.0 53.0
-2.0 22.0 53.0
0.0 22.0 0.0
2.0 22.0 67.0
4.0 22.0 57.0
6.0 22.0 50.0
8.0 22.0 55.0
10.0 22.0 53.0
12.0 22.0 52.0
14.0 22.0 40.0
16.0 22.0 57.0
18.0 22.0 46.0
20.0 22.0 53.0
20.0 28.0 55.0
18.0 28.0 50.0
16.0 28.0 49.0
14.0 28.0 58.0
12.0 28.0 48.0
10.0 28.0 55.0
8.0 28.0 53.0
6.0 28.0 56.0
4.0 28.0 59.0
2.0 28.0 57.0
0.0 28.0 50.0
-2.0 28.0 56.0
-4.0 28.0 50.0
-6.0 28.0 45.0
-8.0 28.0 44.0
-10.0 28.0 41.0
-12.0 28.0 0.0
-14.0 28.0 30.0
-16.0 28.0 27.0
-18.0 28.0 32.0
-20.0 28.0 34.0
-22.0 28.0 17.0
-24.0 28.0 25.0
-26.0 28.0 17.0
-28.0 28.0 24.0
-30.0 28.0 32.0
-32.0 28.0 31.0
-34.0 28.0 42.0
-36.0 28.0 32.0
-38.0 28.0 26.0
-40.0 28.0 34.0
-40.0 34.0 0.0
-38.0 34.0 15.0
-36.0 34.0 19.0
-34.0 34.0 21.0
-32.0 34.0 22.0
-30.0 34.0 16.0
-28.0 34.0 19.0
-26.0 34.0 16.0
-24.0 34.0 16.0
-22.0 34.0 22.0
-20.0 34.0 24.0
-18.0 34.0 21.0
-16.0 34.0 16.0
-14.0 34.0 20.0
-12.0 34.0 24.0
-10.0 34.0 25.0
-8.0 34.0 10.0
-6.0 34.0 24.0
-4.0 34.0 20.0
-2.0 34.0 9.0
0.0 34.0 12.0
2.0 34.0 15.0
4.0 34.0 12.0
6.0 34.0 21.0
8.0 34.0 25.0
10.0 34.0 15.0
12.0 34.0 20.0
14.0 34.0 14.0
16.0 34.0 12.0
18.0 34.0 16.0
20.0 34.0 12.0
20.0 40.0 22.0
18.0 40.0 12.0
16.0 40.0 22.0
14.0 40.0 9.0
12.0 40.0 19.0
10.0 40.0 6.0
8.0 40.0 10.0
6.0 40.0 24.0
4.0 40.0 20.0
2.0 40.0 16.0
0.0 40.0 19.0
-2.0 40.0 22.0
-4.0 40.0 24.0
-6.0 40.0 14.0
-8.0 40.0 17.0
-10.0 40.0 6.0
-12.0 40.0 20.0
-14.0 40.0 10.0
-16.0 40.0 22.0
-18.0 40.0 21.0
-20.0 40.0 15.0
-22.0 40.0 15.0
-24.0 40.0 20.0
-26.0 40.0 20.0
-28.0 40.0 22.0
-30.0 40.0 12.0
-32.0 40.0 12.0
-34.0 40.0 4.0
-36.0 40.0 12.0
-38.0 40.0 20.0
-40.0 40.0 1.0
-40.0 46.0 14.0
-38.0 46.0 25.0
-36.0 46.0 16.0
-34.0 46.0 12.0
-32.0 46.0 17.0
-30.0 46.0 12.0
-28.0 46.0 20.0
-26.0 46.0 16.0
-24.0 46.0 21.0
-22.0 46.0 21.0
-20.0 46.0 19.0
-18.0 46.0 25.0
-16.0 46.0 20.0
-14.0 46.0 15.0
-12.0 46.0 25.0
-10.0 46.0 10.0
-8.0 46.0 16.0
-6.0 46.0 16.0
-4.0 46.0 5.0
-2.0 46.0 20.0
0.0 46.0 10.0
2.0 46.0 4.0
4.0 46.0 21.0
6.0 46.0 12.0
8.0 46.0 10.0
10.0 46.0 12.0
12.0 46.0 16.0
14.0 46.0 10.0
16.0 46.0 10.0
18.0 46.0 10.0
20.0 46.0 24.0
