20.0 -20.0 32.0
18.0 -20.0 21.0
16.0 -20.0 37.0
14.0 -20.0 34.0
12.0 -20.0 22.0
10.0 -20.0 37.0
8.0 -20.0 34.0
6.0 -20.0 41.0
4.0 -20.0 48.0
2.0 -20.0 36.0
0.0 -20.0 38.0
-2.0 -20.0 45.0
-4.0 -20.0 39.0
-6.0 -20.0 36.0
-8.0 -20.0 25.0
-10.0 -20.0 30.0
-12.0 -20.0 25.0
-14.0 -20.0 17.0
-16.0 -20.0 0.0
-18.0 -20.0 31.0
-20.0 -20.0 30.0
-22.0 -20.0 25.0
-24.0 -20.0 30.0
-26.0 -20.0 34.0
-28.0 -20.0 31.0
-30.0 -20.0 16.0
-32.0 -20.0 25.0
-34.0 -20.0 15.0
-36.0 -20.0 27.0
-38.0 -20.0 24.0
-40.0 -20.0 24.0
-40.0 -14.0 34.0
-38.0 -14.0 24.0
-36.0 -14.0 14.0
-34.0 -14.0 20.0
-32.0 -14.0 0.0
-30.0 -14.0 31.0
-28.0 -14.0 25.0
-26.0 -14.0 36.0
-24.0 -14.0 37.0
-22.0 -14.0 31.0
-20.0 -14.0 25.0
-18.0 -14.0 30.0
-16.0 -14.0 32.0
-14.0 -14.0 36.0
-12.0 -14.0 38.0
-10.0 -14.0 25.0
-8.0 -14.0 34.0
-6.0 -14.0 30.0
-4.0 -14.0 34.0
-2.0 -14.0 34.0
0.0 -14.0 16.0
2.0 -14.0 36.0
4.0 -14.0 30.0
6.0 -14.0 34.0
8.0 -14.0 0.0
10.0 -14.0 0.0
12.0 -14.0 0.0
14.0 -14.0 43.0
16.0 -14.0 39.0
18.0 -14.0 31.0
20.0 -14.0 0.0
20.0 -8.0 32.0
18.0 -8.0 30.0
16.0 -8.0 31.0
14.0 -8.0 37.0
12.0 -8.0 26.0
10.0 -8.0 42.0
8.0 -8.0 31.0
6.0 -8.0 36.0
4.0 -8.0 34.0
2.0 -8.0 25.0
0.0 -8.0 34.0
-2.0 -8.0 27.0
-4.0 -8.0 25.0
-6.0 -8.0 30.0
-8.0 -8.0 38.0
-10.0 -8.0 27.0
-12.0 -8.0 21.0
-14.0 -8.0 34.0
-16.0 -8.0 38.0
-18.0 -8.0 31.0
-20.0 -8.0 32.0
-22.0 -8.0 34.0
-24.0 -8.0 38.0
-26.0 -8.0 31.0
-28.0 -8.0 31.0
-30.0 -8.0 36.0
-32.0 -8.0 31.0
-34.0 -8.0 34.0
-36.0 -8.0 32.0
-38.0 -8.0 34.0
-40.0 -8.0 30.0
-40.0 -2.0 22.0
-38.0 -2.0 38.0
-36.0 -2.0 26.0
-34.0 -2.0 43.0
-32.0 -2.0 36.0
-30.0 -2.0 34.0
-28.0 -2.0 34.0
-26.0 -2.0 34.0
-24.0 -2.0 30.0
-22.0 -2.0 27.0
-20.0 -2.0 40.0
-18.0 -2.0 31.0
-16.0 -2.0 36.0
-14.0 -2.0 32.0
-12.0 -2.0 27.0
-10.0 -2.0 26.0
-8.0 -2.0 19.0
-6.0 -2.0 52.0
-4.0 -2.0 39.0
-2.0 -2.0 26.0
0.0 -2.0 36.0
2.0 -2.0 34.0
4.0 -2.0 44.0
6.0 -2.0 25.0
8.0 -2.0 36.0
10.0 -2.0 34.0
12.0 -2.0 36.0
14.0 -2.0 36.0
16.0 -2.0 36.0
18.0 -2.0 34.0
20.0 -2.0 27.0
20.0 4.0 41.0
18.0 4.0 44.0
16.0 4.0 43.0
14.0 4.0 22.0
12.0 4.0 36.0
10.0 4.0 34.0
8.0 4.0 39.0
6.0 4.0 50.0
4.0 4.0 32.0
2.0 4.0 45.0
0.0 4.0 45.0
-2.0 4.0 45.0
-4.0 4.0 39.0
-6.0 4.0 36.0
-8.0 4.0 42.0
-10.0 4.0 50.0
-12.0 4.0 43.0
-14.0 4.0 44.0
-16.0 4.0 36.0
-18.0 4.0 40.0
-20.0 4.0 51.0
-22.0 4.0 45.0
-24.0 4.0 39.0
-26.0 4.0 44.0
-28.0 4.0 41.0
-30.0 4.0 32.0
-32.0 4.0 44.0
-34.0 4.0 40.0
-36.0 4.0 39.0
-38.0 4.0 42.0
-40.0 4.0 45.0
-40.0 10.0 51.0
-38.0 10.0 38.0
-36.0 10.0 31.0
-34.0 10.0 41.0
-32.0 10.0 42.0
-30.0 10.0 43.0
-28.0 10.0 0.0
-26.0 10.0 39.0
-24.0 10.0 40.0
-22.0 10.0 49.0
-20.0 10.0 52.0
-18.0 10.0 34.0
-16.0 10.0 41.0
-14.0 10.0 36.0
-12.0 10.0 40.0
-10.0 10.0 32.0
-8.0 10.0 45.0
-6.0 10.0 50.0
-4.0 10.0 48.0
-2.0 10.0 45.0
0.0 10.0 24.0
2.0 10.0 36.0
4.0 10.0 41.0
6.0 10.0 31.0
8.0 10.0 42.0
10.0 10.0 36.0
12.0 10.0 42.0
14.0 10.0 36.0
16.0 10.0 38.0
18.0 10.0 43.0
20.0 10.0 43.0
20.0 16.0 41.0
18.0 16.0 44.0
16.0 16.0 41.0
14.0 16.0 55.0
12.0 16.0 49.0
10.0 16.0 0.0
8.0 16.0 52.0
6.0 16.0 52.0
4.0 16.0 56.0
2.0 16.0 49.0
0.0 16.0 43.0
-2.0 16.0 48.0
-4.0 16.0 53.0
-6.0 16.0 45.0
-8.0 16.0 49.0
-10.0 16.0 48.0
-12.0 16.0 45.0
-14.0 16.0 59.0
-16.0 16.0 45.0
-18.0 16.0 48.0
-20.0 16.0 50.0
-22.0 16.0 50.0
-24.0 16.0 50.0
-26.0 16.0 0.0
-28.0 16.0 49.0
-30.0 16.0 49.0
-32.0 16.0 55.0
-34.0 16.0 0.0
-36.0 16.0 45.0
-38.0 16.0 43.0
-40.0 16.0 0.0
-40.0 22.0 0.0
-38.0 22.0 46.0
-36.0 22.0 42.0
-34.0 22.0 45.0
-32.0 22.0 45.0
-30.0 22.0 42.0
-28.0 22.0 30.0
-26.0 22.0 30.0
-24.0 22.0 42.0
-22.0 22.0 53.0
-20.0 22.0 42.0
-18.0 22.0 42.0
-16.0 22.0 43.0
-14.0 22.0 42.0
-12.0 22.0 45.0
-10.0 22.0 36.0
-8.0 22.0 51.0
-6.0 22.0 50.0
-4.0 22.0 45.0
-2.0 22.0 42.0
0.0 22.0 43.0
2.0 22.0 48.0
4.0 22.0 43.0
6.0 22.0 46.0
8.0 22.0 46.0
10.0 22.0 38.0
12.0 22.0 40.0
14.0 22.0 37.0
16.0 22.0 44.0
18.0 22.0 53.0
20.0 22.0 34.0
20.0 28.0 55.0
18.0 28.0 46.0
16.0 28.0 60.0
14.0 28.0 48.0
12.0 28.0 43.0
10.0 28.0 46.0
8.0 28.0 0.0
6.0 28.0 36.0
4.0 28.0 51.0
2.0 28.0 38.0
0.0 28.0 42.0
-2.0 28.0 39.0
-4.0 28.0 56.0
-6.0 28.0 38.0
-8.0 28.0 62.0
-10.0 28.0 0.0
-12.0 28.0 32.0
-14.0 28.0 31.0
-16.0 28.0 42.0
-18.0 28.0 37.0
-20.0 28.0 43.0
-22.0 28.0 42.0
-24.0 28.0 36.0
-26.0 28.0 50.0
-28.0 28.0 34.0
-30.0 28.0 32.0
-32.0 28.0 37.0
-34.0 28.0 39.0
-36.0 28.0 37.0
-38.0 28.0 37.0
-40.0 28.0 40.0
-40.0 34.0 34.0
-38.0 34.0 44.0
-36.0 34.0 40.0
-34.0 34.0 34.0
-32.0 34.0 36.0
-30.0 34.0 39.0
-28.0 34.0 42.0
-26.0 34.0 36.0
-24.0 34.0 37.0
-22.0 34.0 0.0
-20.0 34.0 0.0
-18.0 34.0 17.0
-16.0 34.0 10.0
-14.0 34.0 4.0
-12.0 34.0 1.0
-10.0 34.0 9.0
-8.0 34.0 14.0
-6.0 34.0 10.0
-4.0 34.0 10.0
-2.0 34.0 10.0
0.0 34.0 19.0
2.0 34.0 30.0
4.0 34.0 40.0
6.0 34.0 45.0
8.0 34.0 45.0
10.0 34.0 42.0
12.0 34.0 53.0
14.0 34.0 39.0
16.0 34.0 41.0
18.0 34.0 36.0
20.0 34.0 38.0
20.0 40.0 21.0
18.0 40.0 17.0
16.0 40.0 42.0
14.0 40.0 24.0
12.0 40.0 0.0
10.0 40.0 40.0
8.0 40.0 43.0
6.0 40.0 38.0
4.0 40.0 0.0
2.0 40.0 38.0
0.0 40.0 36.0
-2.0 40.0 38.0
-4.0 40.0 0.0
-6.0 40.0 32.0
-8.0 40.0 31.0
-10.0 40.0 21.0
-12.0 40.0 25.0
-14.0 40.0 17.0
-16.0 40.0 12.0
-18.0 40.0 10.0
-20.0 40.0 17.0
-22.0 40.0 19.0
-24.0 40.0 12.0
-26.0 40.0 22.0
-28.0 40.0 14.0
-30.0 40.0 10.0
-32.0 40.0 17.0
-34.0 40.0 14.0
-36.0 40.0 19.0
-38.0 40.0 19.0
-40.0 40.0 10.0
-40.0 46.0 24.0
-38.0 46.0 20.0
-36.0 46.0 10.0
-34.0 46.0 17.0
-32.0 46.0 14.0
-30.0 46.0 20.0
-28.0 46.0 14.0
-26.0 46.0 12.0
-24.0 46.0 21.0
-22.0 46.0 10.0
-20.0 46.0 17.0
-18.0 46.0 15.0
-16.0 46.0 12.0
-14.0 46.0 20.0
-12.0 46.0 16.0
-10.0 46.0 20.0
-8.0 46.0 20.0
-6.0 46.0 19.0
-4.0 46.0 6.0
-2.0 46.0 15.0
0.0 46.0 12.0
2.0 46.0 16.0
4.0 46.0 14.0
6.0 46.0 14.0
8.0 46.0 6.0
10.0 46.0 12.0
12.0 46.0 12.0
14.0 46.0 15.0
16.0 46.0 12.0
18.0 46.0 9.0
20.0 46.0 9.0
