20.0 -20.0 0.0
18.0 -20.0 0.0
16.0 -20.0 0.0
14.0 -20.0 0.0
12.0 -20.0 0.0
10.0 -20.0 90.0
8.0 -20.0 72.0
6.0 -20.0 91.0
4.0 -20.0 86.0
2.0 -20.0 89.0
0.0 -20.0 88.0
-2.0 -20.0 87.0
-4.0 -20.0 86.0
-6.0 -20.0 88.0
-8.0 -20.0 88.0
-10.0 -20.0 89.0
-12.0 -20.0 88.0
-14.0 -20.0 88.0
-16.0 -20.0 88.0
-18.0 -20.0 86.0
-20.0 -20.0 86.0
-22.0 -20.0 87.0
-24.0 -20.0 87.0
-26.0 -20.0 87.0
-28.0 -20.0 84.0
-30.0 -20.0 88.0
-32.0 -20.0 88.0
-34.0 -20.0 88.0
-36.0 -20.0 86.0
-38.0 -20.0 87.0
-40.0 -20.0 86.0
-40.0 -14.0 82.0
-38.0 -14.0 79.0
-36.0 -14.0 78.0
-34.0 -14.0 77.0
-32.0 -14.0 79.0
-30.0 -14.0 78.0
-28.0 -14.0 86.0
-26.0 -14.0 82.0
-24.0 -14.0 82.0
-22.0 -14.0 80.0
-20.0 -14.0 82.0
-18.0 -14.0 79.0
-16.0 -14.0 82.0
-14.0 -14.0 82.0
-12.0 -14.0 80.0
-10.0 -14.0 80.0
-8.0 -14.0 79.0
-6.0 -14.0 80.0
-4.0 -14.0 82.0
-2.0 -14.0 80.0
0.0 -14.0 79.0
2.0 -14.0 80.0
4.0 -14.0 79.0
6.0 -14.0 79.0
8.0 -14.0 79.0
10.0 -14.0 60.0
12.0 -14.0 76.0
14.0 -14.0 93.0
16.0 -14.0 93.0
18.0 -14.0 93.0
20.0 -14.0 73.0
20.0 -8.0 73.0
18.0 -8.0 82.0
16.0 -8.0 68.0
14.0 -8.0 65.0
12.0 -8.0 71.0
10.0 -8.0 78.0
8.0 -8.0 94.0
6.0 -8.0 91.0
4.0 -8.0 93.0
2.0 -8.0 90.0
0.0 -8.0 90.0
-2.0 -8.0 91.0
-4.0 -8.0 88.0
-6.0 -8.0 90.0
-8.0 -8.0 90.0
-10.0 -8.0 87.0
-12.0 -8.0 50.0
-14.0 -8.0 50.0
-16.0 -8.0 56.0
-18.0 -8.0 54.0
-20.0 -8.0 55.0
-22.0 -8.0 54.0
-24.0 -8.0 51.0
-26.0 -8.0 50.0
-28.0 -8.0 52.0
-30.0 -8.0 54.0
-32.0 -8.0 52.0
-34.0 -8.0 54.0
-36.0 -8.0 50.0
-38.0 -8.0 52.0
-40.0 -8.0 54.0
-40.0 -2.0 52.0
-38.0 -2.0 53.0
-36.0 -2.0 54.0
-34.0 -2.0 52.0
-32.0 -2.0 52.0
-30.0 -2.0 52.0
-28.0 -2.0 53.0
-26.0 -2.0 53.0
-24.0 -2.0 55.0
-22.0 -2.0 54.0
-20.0 -2.0 54.0
-18.0 -2.0 53.0
-16.0 -2.0 52.0
-14.0 -2.0 54.0
-12.0 -2.0 53.0
-10.0 -2.0 53.0
-8.0 -2.0 52.0
-6.0 -2.0 52.0
-4.0 -2.0 55.0
-2.0 -2.0 55.0
0.0 -2.0 52.0
2.0 -2.0 52.0
4.0 -2.0 53.0
6.0 -2.0 53.0
8.0 -2.0 52.0
10.0 -2.0 53.0
12.0 -2.0 52.0
14.0 -2.0 54.0
16.0 -2.0 54.0
18.0 -2.0 54.0
20.0 -2.0 54.0
20.0 4.0 61.0
18.0 4.0 53.0
16.0 4.0 53.0
14.0 4.0 53.0
12.0 4.0 50.0
10.0 4.0 52.0
8.0 4.0 54.0
6.0 4.0 52.0
4.0 4.0 52.0
2.0 4.0 50.0
0.0 4.0 54.0
-2.0 4.0 54.0
-4.0 4.0 54.0
-6.0 4.0 53.0
-8.0 4.0 53.0
-10.0 4.0 52.0
-12.0 4.0 53.0
-14.0 4.0 52.0
-16.0 4.0 52.0
-18.0 4.0 55.0
-20.0 4.0 54.0
-22.0 4.0 52.0
-24.0 4.0 52.0
-26.0 4.0 50.0
-28.0 4.0 52.0
-30.0 4.0 52.0
-32.0 4.0 52.0
-34.0 4.0 52.0
-36.0 4.0 52.0
-38.0 4.0 53.0
-40.0 4.0 52.0
-40.0 10.0 55.0
-38.0 10.0 53.0
-36.0 10.0 49.0
-34.0 10.0 45.0
-32.0 10.0 48.0
-30.0 10.0 49.0
-28.0 10.0 50.0
-26.0 10.0 49.0
-24.0 10.0 36.0
-22.0 10.0 11.0
-20.0 10.0 16.0
-18.0 10.0 4.0
-16.0 10.0 11.0
-14.0 10.0 12.0
-12.0 10.0 15.0
-10.0 10.0 17.0
-8.0 10.0 42.0
-6.0 10.0 48.0
-4.0 10.0 41.0
-2.0 10.0 45.0
0.0 10.0 54.0
2.0 10.0 71.0
4.0 10.0 78.0
6.0 10.0 79.0
8.0 10.0 78.0
10.0 10.0 78.0
12.0 10.0 78.0
14.0 10.0 80.0
16.0 10.0 71.0
18.0 10.0 60.0
20.0 10.0 71.0
20.0 16.0 52.0
18.0 16.0 44.0
16.0 16.0 40.0
14.0 16.0 43.0
12.0 16.0 0.0
10.0 16.0 54.0
8.0 16.0 60.0
6.0 16.0 70.0
4.0 16.0 74.0
2.0 16.0 79.0
0.0 16.0 80.0
-2.0 16.0 73.0
-4.0 16.0 74.0
-6.0 16.0 73.0
-8.0 16.0 70.0
-10.0 16.0 51.0
-12.0 16.0 41.0
-14.0 16.0 46.0
-16.0 16.0 45.0
-18.0 16.0 44.0
-20.0 16.0 44.0
-22.0 16.0 45.0
-24.0 16.0 46.0
-26.0 16.0 42.0
-28.0 16.0 44.0
-30.0 16.0 43.0
-32.0 16.0 43.0
-34.0 16.0 44.0
-36.0 16.0 45.0
-38.0 16.0 42.0
-40.0 16.0 45.0
-40.0 22.0 45.0
-38.0 22.0 39.0
-36.0 22.0 42.0
-34.0 22.0 43.0
-32.0 22.0 43.0
-30.0 22.0 45.0
-28.0 22.0 45.0
-26.0 22.0 44.0
-24.0 22.0 44.0
-22.0 22.0 43.0
-20.0 22.0 41.0
-18.0 22.0 41.0
-16.0 22.0 41.0
-14.0 22.0 38.0
-12.0 22.0 42.0
-10.0 22.0 42.0
-8.0 22.0 39.0
-6.0 22.0 45.0
-4.0 22.0 44.0
-2.0 22.0 42.0
0.0 22.0 43.0
2.0 22.0 51.0
4.0 22.0 42.0
6.0 22.0 41.0
8.0 22.0 46.0
10.0 22.0 45.0
12.0 22.0 43.0
14.0 22.0 43.0
16.0 22.0 43.0
18.0 22.0 46.0
20.0 22.0 43.0
20.0 28.0 46.0
18.0 28.0 40.0
16.0 28.0 44.0
14.0 28.0 43.0
12.0 28.0 41.0
10.0 28.0 49.0
8.0 28.0 46.0
6.0 28.0 45.0
4.0 28.0 49.0
2.0 28.0 43.0
0.0 28.0 40.0
-2.0 28.0 46.0
-4.0 28.0 48.0
-6.0 28.0 43.0
-8.0 28.0 44.0
-10.0 28.0 45.0
-12.0 28.0 45.0
-14.0 28.0 46.0
-16.0 28.0 51.0
-18.0 28.0 45.0
-20.0 28.0 43.0
-22.0 28.0 46.0
-24.0 28.0 45.0
-26.0 28.0 43.0
-28.0 28.0 44.0
-30.0 28.0 45.0
-32.0 28.0 45.0
-34.0 28.0 45.0
-36.0 28.0 51.0
-38.0 28.0 45.0
-40.0 28.0 43.0
-40.0 34.0 46.0
-38.0 34.0 45.0
-36.0 34.0 43.0
-34.0 34.0 44.0
-32.0 34.0 44.0
-30.0 34.0 44.0
-28.0 34.0 46.0
-26.0 34.0 45.0
-24.0 34.0 44.0
-22.0 34.0 39.0
-20.0 34.0 43.0
-18.0 34.0 49.0
-16.0 34.0 43.0
-14.0 34.0 48.0
-12.0 34.0 36.0
-10.0 34.0 31.0
-8.0 34.0 27.0
-6.0 34.0 40.0
-4.0 34.0 43.0
-2.0 34.0 43.0
0.0 34.0 48.0
2.0 34.0 69.0
4.0 34.0 72.0
6.0 34.0 72.0
8.0 34.0 77.0
10.0 34.0 74.0
12.0 34.0 76.0
14.0 34.0 82.0
16.0 34.0 79.0
18.0 34.0 74.0
20.0 34.0 72.0
20.0 40.0 76.0
18.0 40.0 77.0
16.0 40.0 74.0
14.0 40.0 71.0
12.0 40.0 72.0
10.0 40.0 75.0
8.0 40.0 71.0
6.0 40.0 74.0
4.0 40.0 74.0
2.0 40.0 74.0
0.0 40.0 74.0
-2.0 40.0 72.0
-4.0 40.0 72.0
-6.0 40.0 71.0
-8.0 40.0 0.0
-10.0 40.0 88.0
-12.0 40.0 57.0
-14.0 40.0 46.0
-16.0 40.0 36.0
-18.0 40.0 36.0
-20.0 40.0 40.0
-22.0 40.0 14.0
-24.0 40.0 10.0
-26.0 40.0 6.0
-28.0 40.0 6.0
-30.0 40.0 6.0
-32.0 40.0 16.0
-34.0 40.0 10.0
-36.0 40.0 5.0
-38.0 40.0 6.0
-40.0 40.0 21.0
-40.0 46.0 46.0
-38.0 46.0 53.0
-36.0 46.0 46.0
-34.0 46.0 51.0
-32.0 46.0 56.0
-30.0 46.0 22.0
-28.0 46.0 14.0
-26.0 46.0 12.0
-24.0 46.0 12.0
-22.0 46.0 10.0
-20.0 46.0 14.0
-18.0 46.0 17.0
-16.0 46.0 10.0
-14.0 46.0 10.0
-12.0 46.0 2.0
-10.0 46.0 22.0
-8.0 46.0 30.0
-6.0 46.0 41.0
-4.0 46.0 51.0
-2.0 46.0 40.0
0.0 46.0 49.0
2.0 46.0 70.0
4.0 46.0 70.0
6.0 46.0 78.0
8.0 46.0 76.0
10.0 46.0 82.0
12.0 46.0 76.0
14.0 46.0 72.0
16.0 46.0 82.0
18.0 46.0 82.0
20.0 46.0 75.0
