20.0 -20.0 34.0
18.0 -20.0 27.0
16.0 -20.0 25.0
14.0 -20.0 30.0
12.0 -20.0 24.0
10.0 -20.0 24.0
8.0 -20.0 36.0
6.0 -20.0 0.0
4.0 -20.0 34.0
2.0 -20.0 0.0
0.0 -20.0 34.0
-2.0 -20.0 43.0
-4.0 -20.0 36.0
-6.0 -20.0 34.0
-8.0 -20.0 24.0
-10.0 -20.0 22.0
-12.0 -20.0 34.0
-14.0 -20.0 32.0
-16.0 -20.0 39.0
-18.0 -20.0 34.0
-20.0 -20.0 37.0
-22.0 -20.0 32.0
-24.0 -20.0 31.0
-26.0 -20.0 43.0
-28.0 -20.0 32.0
-30.0 -20.0 34.0
-32.0 -20.0 31.0
-34.0 -20.0 40.0
-36.0 -20.0 40.0
-38.0 -20.0 34.0
-40.0 -20.0 36.0
-40.0 -14.0 39.0
-38.0 -14.0 45.0
-36.0 -14.0 36.0
-34.0 -14.0 27.0
-32.0 -14.0 37.0
-30.0 -14.0 32.0
-28.0 -14.0 31.0
-26.0 -14.0 36.0
-24.0 -14.0 26.0
-22.0 -14.0 37.0
-20.0 -14.0 37.0
-18.0 -14.0 38.0
-16.0 -14.0 37.0
-14.0 -14.0 40.0
-12.0 -14.0 38.0
-10.0 -14.0 36.0
-8.0 -14.0 31.0
-6.0 -14.0 30.0
-4.0 -14.0 44.0
-2.0 -14.0 37.0
0.0 -14.0 34.0
2.0 -14.0 46.0
4.0 -14.0 41.0
6.0 -14.0 25.0
8.0 -14.0 46.0
10.0 -14.0 31.0
12.0 -14.0 30.0
14.0 -14.0 41.0
16.0 -14.0 37.0
18.0 -14.0 40.0
20.0 -14.0 42.0
20.0 -8.0 31.0
18.0 -8.0 40.0
16.0 -8.0 34.0
14.0 -8.0 26.0
12.0 -8.0 34.0
10.0 -8.0 32.0
8.0 -8.0 43.0
6.0 -8.0 27.0
4.0 -8.0 31.0
2.0 -8.0 39.0
0.0 -8.0 39.0
-2.0 -8.0 32.0
-4.0 -8.0 32.0
-6.0 -8.0 25.0
-8.0 -8.0 10.0
-10.0 -8.0 19.0
-12.0 -8.0 22.0
-14.0 -8.0 6.0
-16.0 -8.0 12.0
-18.0 -8.0 12.0
-20.0 -8.0 12.0
-22.0 -8.0 6.0
-24.0 -8.0 2.0
-26.0 -8.0 5.0
-28.0 -8.0 10.0
-30.0 -8.0 2.0
-32.0 -8.0 10.0
-34.0 -8.0 9.0
-36.0 -8.0 14.0
-38.0 -8.0 9.0
-40.0 -8.0 10.0
-40.0 -2.0 12.0
-38.0 -2.0 9.0
-36.0 -2.0 9.0
-34.0 -2.0 12.0
-32.0 -2.0 14.0
-30.0 -2.0 5.0
-28.0 -2.0 10.0
-26.0 -2.0 16.0
-24.0 -2.0 5.0
-22.0 -2.0 11.0
-20.0 -2.0 1.0
-18.0 -2.0 1.0
-16.0 -2.0 10.0
-14.0 -2.0 10.0
-12.0 -2.0 10.0
-10.0 -2.0 9.0
-8.0 -2.0 10.0
-6.0 -2.0 11.0
-4.0 -2.0 9.0
-2.0 -2.0 14.0
0.0 -2.0 12.0
2.0 -2.0 27.0
4.0 -2.0 36.0
6.0 -2.0 0.0
8.0 -2.0 50.0
10.0 -2.0 0.0
12.0 -2.0 42.0
14.0 -2.0 38.0
16.0 -2.0 39.0
18.0 -2.0 36.0
20.0 -2.0 36.0
20.0 4.0 36.0
18.0 4.0 43.0
16.0 4.0 42.0
14.0 4.0 36.0
12.0 4.0 39.0
10.0 4.0 53.0
8.0 4.0 32.0
6.0 4.0 39.0
4.0 4.0 41.0
2.0 4.0 36.0
0.0 4.0 53.0
-2.0 4.0 36.0
-4.0 4.0 0.0
-6.0 4.0 0.0
-8.0 4.0 32.0
-10.0 4.0 30.0
-12.0 4.0 24.0
-14.0 4.0 36.0
-16.0 4.0 21.0
-18.0 4.0 17.0
-20.0 4.0 21.0
-22.0 4.0 36.0
-24.0 4.0 31.0
-26.0 4.0 34.0
-28.0 4.0 19.0
-30.0 4.0 34.0
-32.0 4.0 31.0
-34.0 4.0 22.0
-36.0 4.0 31.0
-38.0 4.0 31.0
-40.0 4.0 34.0
-40.0 10.0 24.0
-38.0 10.0 25.0
-36.0 10.0 27.0
-34.0 10.0 24.0
-32.0 10.0 32.0
-30.0 10.0 20.0
-28.0 10.0 31.0
-26.0 10.0 24.0
-24.0 10.0 25.0
-22.0 10.0 20.0
-20.0 10.0 34.0
-18.0 10.0 31.0
-16.0 10.0 24.0
-14.0 10.0 24.0
-12.0 10.0 25.0
-10.0 10.0 30.0
-8.0 10.0 32.0
-6.0 10.0 31.0
-4.0 10.0 12.0
-2.0 10.0 24.0
0.0 10.0 20.0
2.0 10.0 25.0
4.0 10.0 34.0
6.0 10.0 34.0
8.0 10.0 22.0
10.0 10.0 21.0
12.0 10.0 32.0
14.0 10.0 32.0
16.0 10.0 31.0
18.0 10.0 32.0
20.0 10.0 30.0
20.0 16.0 21.0
18.0 16.0 19.0
16.0 16.0 17.0
14.0 16.0 30.0
12.0 16.0 22.0
10.0 16.0 27.0
8.0 16.0 34.0
6.0 16.0 36.0
4.0 16.0 32.0
2.0 16.0 21.0
0.0 16.0 39.0
-2.0 16.0 36.0
-4.0 16.0 36.0
-6.0 16.0 24.0
-8.0 16.0 0.0
-10.0 16.0 32.0
-12.0 16.0 32.0
-14.0 16.0 27.0
-16.0 16.0 21.0
-18.0 16.0 22.0
-20.0 16.0 12.0
-22.0 16.0 30.0
-24.0 16.0 34.0
-26.0 16.0 20.0
-28.0 16.0 26.0
-30.0 16.0 20.0
-32.0 16.0 25.0
-34.0 16.0 21.0
-36.0 16.0 14.0
-38.0 16.0 24.0
-40.0 16.0 21.0
-40.0 22.0 10.0
-38.0 22.0 16.0
-36.0 22.0 14.0
-34.0 22.0 19.0
-32.0 22.0 15.0
-30.0 22.0 15.0
-28.0 22.0 12.0
-26.0 22.0 15.0
-24.0 22.0 24.0
-22.0 22.0 21.0
-20.0 22.0 12.0
-18.0 22.0 14.0
-16.0 22.0 17.0
-14.0 22.0 12.0
-12.0 22.0 10.0
-10.0 22.0 15.0
-8.0 22.0 24.0
-6.0 22.0 19.0
-4.0 22.0 20.0
-2.0 22.0 12.0
0.0 22.0 19.0
2.0 22.0 17.0
4.0 22.0 10.0
6.0 22.0 12.0
8.0 22.0 10.0
10.0 22.0 14.0
12.0 22.0 17.0
14.0 22.0 12.0
16.0 22.0 19.0
18.0 22.0 14.0
20.0 22.0 21.0
20.0 28.0 17.0
18.0 28.0 0.0
16.0 28.0 0.0
14.0 28.0 43.0
12.0 28.0 34.0
10.0 28.0 38.0
8.0 28.0 45.0
6.0 28.0 31.0
4.0 28.0 49.0
2.0 28.0 31.0
0.0 28.0 41.0
-2.0 28.0 32.0
-4.0 28.0 37.0
-6.0 28.0 36.0
-8.0 28.0 37.0
-10.0 28.0 36.0
-12.0 28.0 31.0
-14.0 28.0 38.0
-16.0 28.0 41.0
-18.0 28.0 34.0
-20.0 28.0 34.0
-22.0 28.0 34.0
-24.0 28.0 44.0
-26.0 28.0 36.0
-28.0 28.0 32.0
-30.0 28.0 31.0
-32.0 28.0 37.0
-34.0 28.0 37.0
-36.0 28.0 38.0
-38.0 28.0 36.0
-40.0 28.0 41.0
-40.0 34.0 0.0
-38.0 34.0 24.0
-36.0 34.0 21.0
-34.0 34.0 36.0
-32.0 34.0 38.0
-30.0 34.0 40.0
-28.0 34.0 24.0
-26.0 34.0 26.0
-24.0 34.0 22.0
-22.0 34.0 36.0
-20.0 34.0 24.0
-18.0 34.0 34.0
-16.0 34.0 34.0
-14.0 34.0 36.0
-12.0 34.0 37.0
-10.0 34.0 44.0
-8.0 34.0 32.0
-6.0 34.0 24.0
-4.0 34.0 30.0
-2.0 34.0 0.0
0.0 34.0 20.0
2.0 34.0 34.0
4.0 34.0 26.0
6.0 34.0 22.0
8.0 34.0 39.0
10.0 34.0 16.0
12.0 34.0 26.0
14.0 34.0 36.0
16.0 34.0 25.0
18.0 34.0 20.0
20.0 34.0 30.0
20.0 40.0 26.0
18.0 40.0 25.0
16.0 40.0 34.0
14.0 40.0 30.0
12.0 40.0 24.0
10.0 40.0 30.0
8.0 40.0 32.0
6.0 40.0 36.0
4.0 40.0 22.0
2.0 40.0 0.0
0.0 40.0 27.0
-2.0 40.0 26.0
-4.0 40.0 39.0
-6.0 40.0 24.0
-8.0 40.0 15.0
-10.0 40.0 12.0
-12.0 40.0 0.0
-14.0 40.0 36.0
-16.0 40.0 26.0
-18.0 40.0 16.0
-20.0 40.0 26.0
-22.0 40.0 19.0
-24.0 40.0 25.0
-26.0 40.0 0.0
-28.0 40.0 22.0
-30.0 40.0 26.0
-32.0 40.0 30.0
-34.0 40.0 34.0
-36.0 40.0 25.0
-38.0 40.0 0.0
-40.0 40.0 0.0
-40.0 46.0 12.0
-38.0 46.0 20.0
-36.0 46.0 10.0
-34.0 46.0 19.0
-32.0 46.0 10.0
-30.0 46.0 20.0
-28.0 46.0 10.0
-26.0 46.0 12.0
-24.0 46.0 10.0
-22.0 46.0 16.0
-20.0 46.0 20.0
-18.0 46.0 16.0
-16.0 46.0 12.0
-14.0 46.0 9.0
-12.0 46.0 16.0
-10.0 46.0 16.0
-8.0 46.0 20.0
-6.0 46.0 11.0
-4.0 46.0 11.0
-2.0 46.0 19.0
0.0 46.0 12.0
2.0 46.0 26.0
4.0 46.0 24.0
6.0 46.0 16.0
8.0 46.0 32.0
10.0 46.0 26.0
12.0 46.0 25.0
14.0 46.0 21.0
16.0 46.0 19.0
18.0 46.0 26.0
20.0 46.0 25.0
