20.0 -20.0 62.0
18.0 -20.0 67.0
16.0 -20.0 60.0
14.0 -20.0 61.0
12.0 -20.0 58.0
10.0 -20.0 89.0
8.0 -20.0 67.0
6.0 -20.0 85.0
4.0 -20.0 22.0
2.0 -20.0 24.0
0.0 -20.0 17.0
-2.0 -20.0 25.0
-4.0 -20.0 35.0
-6.0 -20.0 43.0
-8.0 -20.0 24.0
-10.0 -20.0 31.0
-12.0 -20.0 42.0
-14.0 -20.0 74.0
-16.0 -20.0 85.0
-18.0 -20.0 85.0
-20.0 -20.0 86.0
-22.0 -20.0 84.0
-24.0 -20.0 88.0
-26.0 -20.0 86.0
-28.0 -20.0 87.0
-30.0 -20.0 88.0
-32.0 -20.0 90.0
-34.0 -20.0 86.0
-36.0 -20.0 72.0
-38.0 -20.0 73.0
-40.0 -20.0 72.0
-40.0 -14.0 88.0
-38.0 -14.0 88.0
-36.0 -14.0 85.0
-34.0 -14.0 87.0
-32.0 -14.0 91.0
-30.0 -14.0 86.0
-28.0 -14.0 86.0
-26.0 -14.0 86.0
-24.0 -14.0 87.0
-22.0 -14.0 88.0
-20.0 -14.0 88.0
-18.0 -14.0 87.0
-16.0 -14.0 88.0
-14.0 -14.0 90.0
-12.0 -14.0 85.0
-10.0 -14.0 87.0
-8.0 -14.0 85.0
-6.0 -14.0 88.0
-4.0 -14.0 86.0
-2.0 -14.0 88.0
0.0 -14.0 88.0
2.0 -14.0 88.0
4.0 -14.0 127.0
6.0 -14.0 99.0
8.0 -14.0 89.0
10.0 -14.0 87.0
12.0 -14.0 39.0
14.0 -14.0 21.0
16.0 -14.0 52.0
18.0 -14.0 79.0
20.0 -14.0 76.0
20.0 -8.0 88.0
18.0 -8.0 88.0
16.0 -8.0 88.0
14.0 -8.0 89.0
12.0 -8.0 94.0
10.0 -8.0 92.0
8.0 -8.0 67.0
6.0 -8.0 65.0
4.0 -8.0 22.0
2.0 -8.0 15.0
0.0 -8.0 26.0
-2.0 -8.0 32.0
-4.0 -8.0 56.0
-6.0 -8.0 35.0
-8.0 -8.0 21.0
-10.0 -8.0 41.0
-12.0 -8.0 84.0
-14.0 -8.0 86.0
-16.0 -8.0 86.0
-18.0 -8.0 84.0
-20.0 -8.0 85.0
-22.0 -8.0 85.0
-24.0 -8.0 87.0
-26.0 -8.0 87.0
-28.0 -8.0 86.0
-30.0 -8.0 88.0
-32.0 -8.0 87.0
-34.0 -8.0 90.0
-36.0 -8.0 73.0
-38.0 -8.0 72.0
-40.0 -8.0 73.0
-40.0 -2.0 88.0
-38.0 -2.0 89.0
-36.0 -2.0 89.0
-34.0 -2.0 86.0
-32.0 -2.0 89.0
-30.0 -2.0 87.0
-28.0 -2.0 74.0
-26.0 -2.0 73.0
-24.0 -2.0 88.0
-22.0 -2.0 87.0
-20.0 -2.0 88.0
-18.0 -2.0 90.0
-16.0 -2.0 89.0
-14.0 -2.0 88.0
-12.0 -2.0 87.0
-10.0 -2.0 87.0
-8.0 -2.0 95.0
-6.0 -2.0 88.0
-4.0 -2.0 83.0
-2.0 -2.0 61.0
0.0 -2.0 44.0
2.0 -2.0 30.0
4.0 -2.0 35.0
6.0 -2.0 39.0
8.0 -2.0 54.0
10.0 -2.0 30.0
12.0 -2.0 20.0
14.0 -2.0 22.0
16.0 -2.0 31.0
18.0 -2.0 87.0
20.0 -2.0 66.0
20.0 4.0 88.0
18.0 4.0 72.0
16.0 4.0 76.0
14.0 4.0 90.0
12.0 4.0 89.0
10.0 4.0 88.0
8.0 4.0 76.0
6.0 4.0 42.0
4.0 4.0 20.0
2.0 4.0 20.0
0.0 4.0 32.0
-2.0 4.0 51.0
-4.0 4.0 46.0
-6.0 4.0 37.0
-8.0 4.0 25.0
-10.0 4.0 42.0
-12.0 4.0 56.0
-14.0 4.0 87.0
-16.0 4.0 84.0
-18.0 4.0 84.0
-20.0 4.0 85.0
-22.0 4.0 86.0
-24.0 4.0 87.0
-26.0 4.0 86.0
-28.0 4.0 87.0
-30.0 4.0 90.0
-32.0 4.0 87.0
-34.0 4.0 88.0
-36.0 4.0 87.0
-38.0 4.0 87.0
-40.0 4.0 88.0
-40.0 10.0 87.0
-38.0 10.0 88.0
-36.0 10.0 87.0
-34.0 10.0 89.0
-32.0 10.0 87.0
-30.0 10.0 88.0
-28.0 10.0 87.0
-26.0 10.0 86.0
-24.0 10.0 87.0
-22.0 10.0 87.0
-20.0 10.0 88.0
-18.0 10.0 88.0
-16.0 10.0 93.0
-14.0 10.0 88.0
-12.0 10.0 87.0
-10.0 10.0 84.0
-8.0 10.0 85.0
-6.0 10.0 84.0
-4.0 10.0 86.0
-2.0 10.0 84.0
0.0 10.0 48.0
2.0 10.0 24.0
4.0 10.0 35.0
6.0 10.0 45.0
8.0 10.0 54.0
10.0 10.0 35.0
12.0 10.0 19.0
14.0 10.0 27.0
16.0 10.0 32.0
18.0 10.0 83.0
20.0 10.0 86.0
20.0 16.0 87.0
18.0 16.0 84.0
16.0 16.0 85.0
14.0 16.0 88.0
12.0 16.0 85.0
10.0 16.0 88.0
8.0 16.0 86.0
6.0 16.0 86.0
4.0 16.0 85.0
2.0 16.0 86.0
0.0 16.0 86.0
-2.0 16.0 88.0
-4.0 16.0 85.0
-6.0 16.0 86.0
-8.0 16.0 87.0
-10.0 16.0 86.0
-12.0 16.0 93.0
-14.0 16.0 30.0
-16.0 16.0 43.0
-18.0 16.0 88.0
-20.0 16.0 86.0
-22.0 16.0 87.0
-24.0 16.0 86.0
-26.0 16.0 89.0
-28.0 16.0 88.0
-30.0 16.0 89.0
-32.0 16.0 89.0
-34.0 16.0 78.0
-36.0 16.0 73.0
-38.0 16.0 76.0
-40.0 16.0 76.0
-40.0 22.0 87.0
-38.0 22.0 85.0
-36.0 22.0 88.0
-34.0 22.0 86.0
-32.0 22.0 91.0
-30.0 22.0 85.0
-28.0 22.0 73.0
-26.0 22.0 72.0
-24.0 22.0 89.0
-22.0 22.0 88.0
-20.0 22.0 91.0
-18.0 22.0 88.0
-16.0 22.0 89.0
-14.0 22.0 89.0
-12.0 22.0 86.0
-10.0 22.0 89.0
-8.0 22.0 86.0
-6.0 22.0 88.0
-4.0 22.0 86.0
-2.0 22.0 75.0
0.0 22.0 43.0
2.0 22.0 20.0
4.0 22.0 34.0
6.0 22.0 46.0
8.0 22.0 49.0
10.0 22.0 34.0
12.0 22.0 22.0
14.0 22.0 24.0
16.0 22.0 26.0
18.0 22.0 85.0
20.0 22.0 72.0
20.0 28.0 91.0
18.0 28.0 91.0
16.0 28.0 90.0
14.0 28.0 90.0
12.0 28.0 91.0
10.0 28.0 93.0
8.0 28.0 70.0
6.0 28.0 85.0
4.0 28.0 24.0
2.0 28.0 65.0
0.0 28.0 88.0
-2.0 28.0 86.0
-4.0 28.0 86.0
-6.0 28.0 84.0
-8.0 28.0 87.0
-10.0 28.0 87.0
-12.0 28.0 85.0
-14.0 28.0 85.0
-16.0 28.0 86.0
-18.0 28.0 84.0
-20.0 28.0 85.0
-22.0 28.0 85.0
-24.0 28.0 85.0
-26.0 28.0 85.0
-28.0 28.0 93.0
-30.0 28.0 88.0
-32.0 28.0 85.0
-34.0 28.0 85.0
-36.0 28.0 85.0
-38.0 28.0 87.0
-40.0 28.0 85.0
-40.0 34.0 87.0
-38.0 34.0 85.0
-36.0 34.0 86.0
-34.0 34.0 84.0
-32.0 34.0 85.0
-30.0 34.0 87.0
-28.0 34.0 86.0
-26.0 34.0 86.0
-24.0 34.0 87.0
-22.0 34.0 86.0
-20.0 34.0 89.0
-18.0 34.0 86.0
-16.0 34.0 85.0
-14.0 34.0 84.0
-12.0 34.0 86.0
-10.0 34.0 84.0
-8.0 34.0 86.0
-6.0 34.0 86.0
-4.0 34.0 84.0
-2.0 34.0 85.0
0.0 34.0 85.0
2.0 34.0 83.0
4.0 34.0 84.0
6.0 34.0 82.0
8.0 34.0 84.0
10.0 34.0 83.0
12.0 34.0 83.0
14.0 34.0 83.0
16.0 34.0 83.0
18.0 34.0 89.0
20.0 34.0 88.0
20.0 40.0 89.0
18.0 40.0 75.0
16.0 40.0 84.0
14.0 40.0 90.0
12.0 40.0 87.0
10.0 40.0 88.0
8.0 40.0 69.0
6.0 40.0 83.0
4.0 40.0 16.0
2.0 40.0 20.0
0.0 40.0 32.0
-2.0 40.0 40.0
-4.0 40.0 53.0
-6.0 40.0 39.0
-8.0 40.0 24.0
-10.0 40.0 46.0
-12.0 40.0 60.0
-14.0 40.0 87.0
-16.0 40.0 85.0
-18.0 40.0 85.0
-20.0 40.0 87.0
-22.0 40.0 86.0
-24.0 40.0 86.0
-26.0 40.0 88.0
-28.0 40.0 88.0
-30.0 40.0 89.0
-32.0 40.0 90.0
-34.0 40.0 86.0
-36.0 40.0 74.0
-38.0 40.0 73.0
-40.0 40.0 75.0
-40.0 46.0 91.0
-38.0 46.0 87.0
-36.0 46.0 86.0
-34.0 46.0 86.0
-32.0 46.0 88.0
-30.0 46.0 78.0
-28.0 46.0 73.0
-26.0 46.0 74.0
-24.0 46.0 88.0
-22.0 46.0 92.0
-20.0 46.0 90.0
-18.0 46.0 90.0
-16.0 46.0 89.0
-14.0 46.0 88.0
-12.0 46.0 90.0
-10.0 46.0 88.0
-8.0 46.0 86.0
-6.0 46.0 86.0
-4.0 46.0 86.0
-2.0 46.0 85.0
0.0 46.0 71.0
2.0 46.0 88.0
4.0 46.0 85.0
6.0 46.0 89.0
8.0 46.0 89.0
10.0 46.0 86.0
12.0 46.0 87.0
14.0 46.0 88.0
16.0 46.0 85.0
18.0 46.0 86.0
20.0 46.0 86.0
