20.0 -20.0 59.0
18.0 -20.0 0.0
16.0 -20.0 60.0
14.0 -20.0 48.0
12.0 -20.0 60.0
10.0 -20.0 61.0
8.0 -20.0 43.0
6.0 -20.0 27.0
4.0 -20.0 30.0
2.0 -20.0 14.0
0.0 -20.0 21.0
-2.0 -20.0 16.0
-4.0 -20.0 17.0
-6.0 -20.0 16.0
-8.0 -20.0 21.0
-10.0 -20.0 22.0
-12.0 -20.0 50.0
-14.0 -20.0 43.0
-16.0 -20.0 41.0
-18.0 -20.0 45.0
-20.0 -20.0 50.0
-22.0 -20.0 48.0
-24.0 -20.0 51.0
-26.0 -20.0 45.0
-28.0 -20.0 43.0
-30.0 -20.0 42.0
-32.0 -20.0 53.0
-34.0 -20.0 48.0
-36.0 -20.0 45.0
-38.0 -20.0 51.0
-40.0 -20.0 49.0
-40.0 -14.0 52.0
-38.0 -14.0 51.0
-36.0 -14.0 51.0
-34.0 -14.0 49.0
-32.0 -14.0 53.0
-30.0 -14.0 49.0
-28.0 -14.0 43.0
-26.0 -14.0 49.0
-24.0 -14.0 46.0
-22.0 -14.0 44.0
-20.0 -14.0 44.0
-18.0 -14.0 41.0
-16.0 -14.0 40.0
-14.0 -14.0 44.0
-12.0 -14.0 46.0
-10.0 -14.0 42.0
-8.0 -14.0 48.0
-6.0 -14.0 50.0
-4.0 -14.0 46.0
-2.0 -14.0 42.0
0.0 -14.0 44.0
2.0 -14.0 43.0
4.0 -14.0 46.0
6.0 -14.0 44.0
8.0 -14.0 45.0
10.0 -14.0 42.0
12.0 -14.0 42.0
14.0 -14.0 51.0
16.0 -14.0 46.0
18.0 -14.0 0.0
20.0 -14.0 74.0
20.0 -8.0 20.0
18.0 -8.0 32.0
16.0 -8.0 57.0
14.0 -8.0 0.0
12.0 -8.0 58.0
10.0 -8.0 55.0
8.0 -8.0 48.0
6.0 -8.0 53.0
4.0 -8.0 0.0
2.0 -8.0 58.0
0.0 -8.0 51.0
-2.0 -8.0 0.0
-4.0 -8.0 48.0
-6.0 -8.0 0.0
-8.0 -8.0 58.0
-10.0 -8.0 62.0
-12.0 -8.0 60.0
-14.0 -8.0 43.0
-16.0 -8.0 0.0
-18.0 -8.0 37.0
-20.0 -8.0 30.0
-22.0 -8.0 43.0
-24.0 -8.0 45.0
-26.0 -8.0 45.0
-28.0 -8.0 43.0
-30.0 -8.0 53.0
-32.0 -8.0 49.0
-34.0 -8.0 46.0
-36.0 -8.0 40.0
-38.0 -8.0 52.0
-40.0 -8.0 45.0
-40.0 -2.0 50.0
-38.0 -2.0 45.0
-36.0 -2.0 49.0
-34.0 -2.0 42.0
-32.0 -2.0 45.0
-30.0 -2.0 46.0
-28.0 -2.0 43.0
-26.0 -2.0 44.0
-24.0 -2.0 44.0
-22.0 -2.0 43.0
-20.0 -2.0 45.0
-18.0 -2.0 46.0
-16.0 -2.0 48.0
-14.0 -2.0 48.0
-12.0 -2.0 48.0
-10.0 -2.0 41.0
-8.0 -2.0 48.0
-6.0 -2.0 44.0
-4.0 -2.0 49.0
-2.0 -2.0 46.0
0.0 -2.0 43.0
2.0 -2.0 42.0
4.0 -2.0 40.0
6.0 -2.0 45.0
8.0 -2.0 52.0
10.0 -2.0 49.0
12.0 -2.0 45.0
14.0 -2.0 46.0
16.0 -2.0 42.0
18.0 -2.0 50.0
20.0 -2.0 41.0
20.0 4.0 48.0
18.0 4.0 48.0
16.0 4.0 46.0
14.0 4.0 45.0
12.0 4.0 43.0
10.0 4.0 44.0
8.0 4.0 45.0
6.0 4.0 45.0
4.0 4.0 49.0
2.0 4.0 46.0
0.0 4.0 43.0
-2.0 4.0 42.0
-4.0 4.0 53.0
-6.0 4.0 38.0
-8.0 4.0 43.0
-10.0 4.0 45.0
-12.0 4.0 45.0
-14.0 4.0 50.0
-16.0 4.0 48.0
-18.0 4.0 49.0
-20.0 4.0 41.0
-22.0 4.0 46.0
-24.0 4.0 49.0
-26.0 4.0 45.0
-28.0 4.0 49.0
-30.0 4.0 45.0
-32.0 4.0 52.0
-34.0 4.0 46.0
-36.0 4.0 42.0
-38.0 4.0 43.0
-40.0 4.0 52.0
-40.0 10.0 41.0
-38.0 10.0 41.0
-36.0 10.0 48.0
-34.0 10.0 43.0
-32.0 10.0 49.0
-30.0 10.0 45.0
-28.0 10.0 50.0
-26.0 10.0 49.0
-24.0 10.0 49.0
-22.0 10.0 49.0
-20.0 10.0 48.0
-18.0 10.0 46.0
-16.0 10.0 41.0
-14.0 10.0 45.0
-12.0 10.0 43.0
-10.0 10.0 46.0
-8.0 10.0 43.0
-6.0 10.0 51.0
-4.0 10.0 51.0
-2.0 10.0 43.0
0.0 10.0 53.0
2.0 10.0 53.0
4.0 10.0 44.0
6.0 10.0 20.0
8.0 10.0 22.0
10.0 10.0 22.0
12.0 10.0 16.0
14.0 10.0 16.0
16.0 10.0 21.0
18.0 10.0 31.0
20.0 10.0 58.0
20.0 16.0 69.0
18.0 16.0 49.0
16.0 16.0 55.0
14.0 16.0 0.0
12.0 16.0 52.0
10.0 16.0 55.0
8.0 16.0 53.0
6.0 16.0 55.0
4.0 16.0 57.0
2.0 16.0 58.0
0.0 16.0 53.0
-2.0 16.0 42.0
-4.0 16.0 61.0
-6.0 16.0 42.0
-8.0 16.0 69.0
-10.0 16.0 53.0
-12.0 16.0 67.0
-14.0 16.0 55.0
-16.0 16.0 52.0
-18.0 16.0 61.0
-20.0 16.0 61.0
-22.0 16.0 56.0
-24.0 16.0 52.0
-26.0 16.0 53.0
-28.0 16.0 53.0
-30.0 16.0 62.0
-32.0 16.0 53.0
-34.0 16.0 55.0
-36.0 16.0 62.0
-38.0 16.0 53.0
-40.0 16.0 55.0
-40.0 22.0 57.0
-38.0 22.0 51.0
-36.0 22.0 61.0
-34.0 22.0 51.0
-32.0 22.0 56.0
-30.0 22.0 59.0
-28.0 22.0 59.0
-26.0 22.0 57.0
-24.0 22.0 58.0
-22.0 22.0 48.0
-20.0 22.0 63.0
-18.0 22.0 55.0
-16.0 22.0 56.0
-14.0 22.0 66.0
-12.0 22.0 62.0
-10.0 22.0 52.0
-8.0 22.0 0.0
-6.0 22.0 0.0
-4.0 22.0 37.0
-2.0 22.0 36.0
0.0 22.0 36.0
2.0 22.0 40.0
4.0 22.0 40.0
6.0 22.0 36.0
8.0 22.0 36.0
10.0 22.0 36.0
12.0 22.0 36.0
14.0 22.0 39.0
16.0 22.0 43.0
18.0 22.0 39.0
20.0 22.0 36.0
20.0 28.0 42.0
18.0 28.0 39.0
16.0 28.0 45.0
14.0 28.0 41.0
12.0 28.0 43.0
10.0 28.0 42.0
8.0 28.0 32.0
6.0 28.0 31.0
4.0 28.0 20.0
2.0 28.0 22.0
0.0 28.0 19.0
-2.0 28.0 16.0
-4.0 28.0 21.0
-6.0 28.0 21.0
-8.0 28.0 27.0
-10.0 28.0 30.0
-12.0 28.0 31.0
-14.0 28.0 30.0
-16.0 28.0 21.0
-18.0 28.0 32.0
-20.0 28.0 32.0
-22.0 28.0 31.0
-24.0 28.0 34.0
-26.0 28.0 37.0
-28.0 28.0 34.0
-30.0 28.0 16.0
-32.0 28.0 36.0
-34.0 28.0 36.0
-36.0 28.0 20.0
-38.0 28.0 25.0
-40.0 28.0 30.0
-40.0 34.0 34.0
-38.0 34.0 17.0
-36.0 34.0 21.0
-34.0 34.0 30.0
-32.0 34.0 34.0
-30.0 34.0 21.0
-28.0 34.0 22.0
-26.0 34.0 34.0
-24.0 34.0 24.0
-22.0 34.0 30.0
-20.0 34.0 26.0
-18.0 34.0 27.0
-16.0 34.0 36.0
-14.0 34.0 26.0
-12.0 34.0 30.0
-10.0 34.0 30.0
-8.0 34.0 21.0
-6.0 34.0 25.0
-4.0 34.0 22.0
-2.0 34.0 31.0
0.0 34.0 25.0
2.0 34.0 30.0
4.0 34.0 25.0
6.0 34.0 17.0
8.0 34.0 17.0
10.0 34.0 21.0
12.0 34.0 17.0
14.0 34.0 21.0
16.0 34.0 19.0
18.0 34.0 20.0
20.0 34.0 27.0
20.0 40.0 41.0
18.0 40.0 36.0
16.0 40.0 32.0
14.0 40.0 40.0
12.0 40.0 31.0
10.0 40.0 36.0
8.0 40.0 25.0
6.0 40.0 16.0
4.0 40.0 19.0
2.0 40.0 10.0
0.0 40.0 31.0
-2.0 40.0 15.0
-4.0 40.0 19.0
-6.0 40.0 24.0
-8.0 40.0 24.0
-10.0 40.0 20.0
-12.0 40.0 27.0
-14.0 40.0 37.0
-16.0 40.0 17.0
-18.0 40.0 0.0
-20.0 40.0 34.0
-22.0 40.0 26.0
-24.0 40.0 21.0
-26.0 40.0 36.0
-28.0 40.0 25.0
-30.0 40.0 36.0
-32.0 40.0 34.0
-34.0 40.0 40.0
-36.0 40.0 24.0
-38.0 40.0 26.0
-40.0 40.0 26.0
-40.0 46.0 30.0
-38.0 46.0 34.0
-36.0 46.0 38.0
-34.0 46.0 27.0
-32.0 46.0 19.0
-30.0 46.0 38.0
-28.0 46.0 34.0
-26.0 46.0 19.0
-24.0 46.0 32.0
-22.0 46.0 34.0
-20.0 46.0 34.0
-18.0 46.0 38.0
-16.0 46.0 34.0
-14.0 46.0 14.0
-12.0 46.0 26.0
-10.0 46.0 22.0
-8.0 46.0 30.0
-6.0 46.0 30.0
-4.0 46.0 20.0
-2.0 46.0 0.0
0.0 46.0 31.0
2.0 46.0 21.0
4.0 46.0 17.0
6.0 46.0 17.0
8.0 46.0 17.0
10.0 46.0 21.0
12.0 46.0 21.0
14.0 46.0 19.0
16.0 46.0 25.0
18.0 46.0 27.0
20.0 46.0 36.0
