114.0 120.0 60.0
116.0 120.0 60.0
118.0 120.0 61.0
120.0 120.0 60.0
122.0 120.0 62.0
124.0 120.0 66.0
126.0 120.0 62.0
128.0 120.0 61.0
130.0 120.0 62.0
132.0 120.0 76.0
134.0 120.0 76.0
136.0 120.0 76.0
138.0 120.0 76.0
140.0 120.0 77.0
142.0 120.0 77.0
144.0 120.0 77.0
146.0 120.0 78.0
148.0 120.0 78.0
150.0 120.0 78.0
152.0 120.0 78.0
154.0 120.0 78.0
156.0 120.0 79.0
158.0 120.0 83.0
160.0 120.0 80.0
162.0 120.0 84.0
164.0 120.0 86.0
166.0 120.0 89.0
168.0 120.0 82.0
170.0 120.0 70.0
172.0 120.0 69.0
174.0 120.0 67.0
176.0 120.0 68.0
178.0 120.0 58.0
180.0 120.0 57.0
182.0 120.0 58.0
184.0 120.0 83.0
186.0 120.0 83.0
188.0 120.0 86.0
190.0 120.0 86.0
192.0 120.0 85.0
194.0 120.0 83.0
196.0 120.0 85.0
198.0 120.0 85.0
200.0 120.0 85.0
202.0 120.0 84.0
204.0 120.0 84.0
206.0 120.0 87.0
208.0 120.0 85.0
210.0 120.0 85.0
212.0 120.0 85.0
214.0 120.0 83.0
216.0 120.0 86.0
218.0 120.0 85.0
220.0 120.0 83.0
222.0 120.0 84.0
224.0 120.0 84.0
226.0 120.0 86.0
228.0 120.0 83.0
230.0 120.0 86.0
230.0 122.0 84.0
228.0 122.0 84.0
226.0 122.0 86.0
224.0 122.0 83.0
222.0 122.0 84.0
220.0 122.0 84.0
218.0 122.0 84.0
216.0 122.0 86.0
214.0 122.0 84.0
212.0 122.0 82.0
210.0 122.0 83.0
208.0 122.0 83.0
206.0 122.0 84.0
204.0 122.0 83.0
202.0 122.0 84.0
200.0 122.0 82.0
198.0 122.0 84.0
196.0 122.0 85.0
194.0 122.0 83.0
192.0 122.0 84.0
190.0 122.0 83.0
188.0 122.0 80.0
186.0 122.0 83.0
184.0 122.0 82.0
182.0 122.0 83.0
180.0 122.0 83.0
178.0 122.0 82.0
176.0 122.0 83.0
174.0 122.0 80.0
172.0 122.0 80.0
170.0 122.0 78.0
168.0 122.0 79.0
166.0 122.0 56.0
164.0 122.0 65.0
162.0 122.0 65.0
160.0 122.0 63.0
158.0 122.0 67.0
156.0 122.0 73.0
154.0 122.0 87.0
152.0 122.0 83.0
150.0 122.0 82.0
148.0 122.0 79.0
146.0 122.0 79.0
144.0 122.0 78.0
142.0 122.0 76.0
140.0 122.0 77.0
138.0 122.0 76.0
136.0 122.0 76.0
134.0 122.0 76.0
132.0 122.0 76.0
130.0 122.0 76.0
128.0 122.0 75.0
126.0 122.0 75.0
124.0 122.0 75.0
122.0 122.0 75.0
120.0 122.0 59.0
118.0 122.0 59.0
116.0 122.0 62.0
114.0 122.0 62.0
114.0 124.0 62.0
116.0 124.0 62.0
118.0 124.0 62.0
120.0 124.0 62.0
122.0 124.0 62.0
124.0 124.0 63.0
126.0 124.0 59.0
128.0 124.0 59.0
130.0 124.0 60.0
132.0 124.0 75.0
134.0 124.0 75.0
136.0 124.0 75.0
138.0 124.0 75.0
140.0 124.0 76.0
142.0 124.0 75.0
144.0 124.0 76.0
146.0 124.0 76.0
148.0 124.0 76.0
150.0 124.0 76.0
152.0 124.0 76.0
154.0 124.0 77.0
156.0 124.0 79.0
158.0 124.0 78.0
160.0 124.0 79.0
162.0 124.0 82.0
164.0 124.0 84.0
166.0 124.0 87.0
168.0 124.0 69.0
170.0 124.0 66.0
172.0 124.0 62.0
174.0 124.0 63.0
176.0 124.0 66.0
178.0 124.0 53.0
180.0 124.0 53.0
182.0 124.0 76.0
184.0 124.0 79.0
186.0 124.0 82.0
188.0 124.0 82.0
190.0 124.0 79.0
192.0 124.0 84.0
194.0 124.0 82.0
196.0 124.0 84.0
198.0 124.0 84.0
200.0 124.0 83.0
202.0 124.0 84.0
204.0 124.0 83.0
206.0 124.0 83.0
208.0 124.0 84.0
210.0 124.0 84.0
212.0 124.0 85.0
214.0 124.0 83.0
216.0 124.0 83.0
218.0 124.0 83.0
220.0 124.0 83.0
222.0 124.0 84.0
224.0 124.0 84.0
226.0 124.0 82.0
228.0 124.0 85.0
230.0 124.0 84.0
230.0 126.0 84.0
228.0 126.0 85.0
226.0 126.0 83.0
224.0 126.0 84.0
222.0 126.0 83.0
220.0 126.0 84.0
218.0 126.0 84.0
216.0 126.0 82.0
214.0 126.0 84.0
212.0 126.0 84.0
210.0 126.0 83.0
208.0 126.0 84.0
206.0 126.0 84.0
204.0 126.0 84.0
202.0 126.0 83.0
200.0 126.0 83.0
198.0 126.0 85.0
196.0 126.0 82.0
194.0 126.0 84.0
192.0 126.0 83.0
190.0 126.0 84.0
188.0 126.0 84.0
186.0 126.0 83.0
184.0 126.0 84.0
182.0 126.0 83.0
180.0 126.0 83.0
178.0 126.0 83.0
176.0 126.0 80.0
174.0 126.0 83.0
172.0 126.0 82.0
170.0 126.0 80.0
168.0 126.0 83.0
166.0 126.0 54.0
164.0 126.0 57.0
162.0 126.0 65.0
160.0 126.0 63.0
158.0 126.0 67.0
156.0 126.0 87.0
154.0 126.0 86.0
152.0 126.0 83.0
150.0 126.0 83.0
148.0 126.0 83.0
146.0 126.0 80.0
144.0 126.0 78.0
142.0 126.0 78.0
140.0 126.0 77.0
138.0 126.0 77.0
136.0 126.0 76.0
134.0 126.0 76.0
132.0 126.0 76.0
130.0 126.0 76.0
128.0 126.0 76.0
126.0 126.0 76.0
124.0 126.0 76.0
122.0 126.0 74.0
120.0 126.0 62.0
118.0 126.0 60.0
116.0 126.0 62.0
114.0 126.0 62.0
114.0 128.0 61.0
116.0 128.0 63.0
118.0 128.0 63.0
120.0 128.0 62.0
122.0 128.0 61.0
124.0 128.0 65.0
126.0 128.0 61.0
128.0 128.0 60.0
130.0 128.0 60.0
132.0 128.0 74.0
134.0 128.0 74.0
136.0 128.0 74.0
138.0 128.0 74.0
140.0 128.0 74.0
142.0 128.0 76.0
144.0 128.0 74.0
146.0 128.0 74.0
148.0 128.0 76.0
150.0 128.0 76.0
152.0 128.0 77.0
154.0 128.0 77.0
156.0 128.0 77.0
158.0 128.0 78.0
160.0 128.0 80.0
162.0 128.0 83.0
164.0 128.0 83.0
166.0 128.0 86.0
168.0 128.0 87.0
170.0 128.0 70.0
172.0 128.0 65.0
174.0 128.0 65.0
176.0 128.0 67.0
178.0 128.0 54.0
180.0 128.0 55.0
182.0 128.0 66.0
184.0 128.0 83.0
186.0 128.0 82.0
188.0 128.0 83.0
190.0 128.0 84.0
192.0 128.0 84.0
194.0 128.0 83.0
196.0 128.0 83.0
198.0 128.0 83.0
200.0 128.0 82.0
202.0 128.0 84.0
204.0 128.0 83.0
206.0 128.0 84.0
208.0 128.0 83.0
210.0 128.0 83.0
212.0 128.0 84.0
214.0 128.0 84.0
216.0 128.0 83.0
218.0 128.0 82.0
220.0 128.0 84.0
222.0 128.0 82.0
224.0 128.0 82.0
226.0 128.0 84.0
228.0 128.0 83.0
230.0 128.0 84.0
230.0 130.0 83.0
228.0 130.0 83.0
226.0 130.0 83.0
224.0 130.0 83.0
222.0 130.0 83.0
220.0 130.0 84.0
218.0 130.0 83.0
216.0 130.0 84.0
214.0 130.0 83.0
212.0 130.0 82.0
210.0 130.0 83.0
208.0 130.0 83.0
206.0 130.0 83.0
204.0 130.0 83.0
202.0 130.0 83.0
200.0 130.0 84.0
198.0 130.0 84.0
196.0 130.0 83.0
194.0 130.0 82.0
192.0 130.0 84.0
190.0 130.0 84.0
188.0 130.0 83.0
186.0 130.0 83.0
184.0 130.0 83.0
182.0 130.0 84.0
180.0 130.0 84.0
178.0 130.0 82.0
176.0 130.0 82.0
174.0 130.0 80.0
172.0 130.0 80.0
170.0 130.0 80.0
168.0 130.0 80.0
166.0 130.0 55.0
164.0 130.0 58.0
162.0 130.0 66.0
160.0 130.0 65.0
158.0 130.0 72.0
156.0 130.0 87.0
154.0 130.0 86.0
152.0 130.0 85.0
150.0 130.0 83.0
148.0 130.0 82.0
146.0 130.0 78.0
144.0 130.0 77.0
142.0 130.0 77.0
140.0 130.0 76.0
138.0 130.0 76.0
136.0 130.0 76.0
134.0 130.0 74.0
132.0 130.0 76.0
130.0 130.0 76.0
128.0 130.0 74.0
126.0 130.0 74.0
124.0 130.0 74.0
122.0 130.0 74.0
120.0 130.0 62.0
118.0 130.0 59.0
116.0 130.0 62.0
114.0 130.0 63.0
114.0 132.0 65.0
116.0 132.0 63.0
118.0 132.0 63.0
120.0 132.0 63.0
122.0 132.0 62.0
124.0 132.0 60.0
126.0 132.0 61.0
128.0 132.0 59.0
130.0 132.0 59.0
132.0 132.0 74.0
134.0 132.0 74.0
136.0 132.0 74.0
138.0 132.0 74.0
140.0 132.0 74.0
142.0 132.0 74.0
144.0 132.0 74.0
146.0 132.0 76.0
148.0 132.0 76.0
150.0 132.0 74.0
152.0 132.0 76.0
154.0 132.0 77.0
156.0 132.0 77.0
158.0 132.0 79.0
160.0 132.0 80.0
162.0 132.0 80.0
164.0 132.0 83.0
166.0 132.0 86.0
168.0 132.0 86.0
170.0 132.0 88.0
172.0 132.0 69.0
174.0 132.0 65.0
176.0 132.0 62.0
178.0 132.0 55.0
180.0 132.0 55.0
182.0 132.0 76.0
184.0 132.0 82.0
186.0 132.0 84.0
188.0 132.0 83.0
190.0 132.0 83.0
192.0 132.0 83.0
194.0 132.0 82.0
196.0 132.0 83.0
198.0 132.0 82.0
200.0 132.0 80.0
202.0 132.0 82.0
204.0 132.0 82.0
206.0 132.0 83.0
208.0 132.0 83.0
210.0 132.0 84.0
212.0 132.0 83.0
214.0 132.0 83.0
216.0 132.0 82.0
218.0 132.0 82.0
220.0 132.0 83.0
222.0 132.0 82.0
224.0 132.0 82.0
226.0 132.0 84.0
228.0 132.0 84.0
230.0 132.0 83.0
230.0 134.0 80.0
228.0 134.0 80.0
226.0 134.0 78.0
224.0 134.0 79.0
222.0 134.0 79.0
220.0 134.0 79.0
218.0 134.0 79.0
216.0 134.0 78.0
214.0 134.0 79.0
212.0 134.0 79.0
210.0 134.0 78.0
208.0 134.0 79.0
206.0 134.0 79.0
204.0 134.0 79.0
202.0 134.0 79.0
200.0 134.0 79.0
198.0 134.0 79.0
196.0 134.0 78.0
194.0 134.0 79.0
192.0 134.0 78.0
190.0 134.0 78.0
188.0 134.0 78.0
186.0 134.0 80.0
184.0 134.0 79.0
182.0 134.0 82.0
180.0 134.0 83.0
178.0 134.0 82.0
176.0 134.0 80.0
174.0 134.0 80.0
172.0 134.0 79.0
170.0 134.0 78.0
168.0 134.0 80.0
166.0 134.0 55.0
164.0 134.0 57.0
162.0 134.0 73.0
160.0 134.0 88.0
158.0 134.0 87.0
156.0 134.0 85.0
154.0 134.0 85.0
152.0 134.0 82.0
150.0 134.0 82.0
148.0 134.0 80.0
146.0 134.0 78.0
144.0 134.0 77.0
142.0 134.0 76.0
140.0 134.0 76.0
138.0 134.0 76.0
136.0 134.0 74.0
134.0 134.0 74.0
132.0 134.0 74.0
130.0 134.0 74.0
128.0 134.0 74.0
126.0 134.0 74.0
124.0 134.0 74.0
122.0 134.0 74.0
120.0 134.0 59.0
118.0 134.0 58.0
116.0 134.0 60.0
114.0 134.0 62.0
114.0 136.0 61.0
116.0 136.0 62.0
118.0 136.0 62.0
120.0 136.0 61.0
122.0 136.0 63.0
124.0 136.0 61.0
126.0 136.0 58.0
128.0 136.0 60.0
130.0 136.0 58.0
132.0 136.0 72.0
134.0 136.0 74.0
136.0 136.0 74.0
138.0 136.0 73.0
140.0 136.0 73.0
142.0 136.0 73.0
144.0 136.0 74.0
146.0 136.0 74.0
148.0 136.0 74.0
150.0 136.0 76.0
152.0 136.0 74.0
154.0 136.0 76.0
156.0 136.0 77.0
158.0 136.0 77.0
160.0 136.0 77.0
162.0 136.0 80.0
164.0 136.0 82.0
166.0 136.0 86.0
168.0 136.0 86.0
170.0 136.0 86.0
172.0 136.0 88.0
174.0 136.0 87.0
176.0 136.0 72.0
178.0 136.0 55.0
180.0 136.0 55.0
182.0 136.0 78.0
184.0 136.0 82.0
186.0 136.0 79.0
188.0 136.0 82.0
190.0 136.0 80.0
192.0 136.0 83.0
194.0 136.0 80.0
196.0 136.0 82.0
198.0 136.0 83.0
200.0 136.0 82.0
202.0 136.0 80.0
204.0 136.0 82.0
206.0 136.0 80.0
208.0 136.0 83.0
210.0 136.0 83.0
212.0 136.0 80.0
214.0 136.0 80.0
216.0 136.0 80.0
218.0 136.0 82.0
220.0 136.0 83.0
222.0 136.0 82.0
224.0 136.0 80.0
226.0 136.0 83.0
228.0 136.0 82.0
230.0 136.0 83.0
230.0 138.0 83.0
228.0 138.0 82.0
226.0 138.0 83.0
224.0 138.0 83.0
222.0 138.0 82.0
220.0 138.0 83.0
218.0 138.0 83.0
216.0 138.0 83.0
214.0 138.0 80.0
212.0 138.0 80.0
210.0 138.0 82.0
208.0 138.0 80.0
206.0 138.0 82.0
204.0 138.0 80.0
202.0 138.0 82.0
200.0 138.0 80.0
198.0 138.0 80.0
196.0 138.0 80.0
194.0 138.0 80.0
192.0 138.0 79.0
190.0 138.0 82.0
188.0 138.0 80.0
186.0 138.0 80.0
184.0 138.0 82.0
182.0 138.0 79.0
180.0 138.0 80.0
178.0 138.0 80.0
176.0 138.0 79.0
174.0 138.0 78.0
172.0 138.0 78.0
170.0 138.0 78.0
168.0 138.0 78.0
166.0 138.0 57.0
164.0 138.0 67.0
162.0 138.0 87.0
160.0 138.0 87.0
158.0 138.0 86.0
156.0 138.0 84.0
154.0 138.0 83.0
152.0 138.0 80.0
150.0 138.0 79.0
148.0 138.0 78.0
146.0 138.0 78.0
144.0 138.0 76.0
142.0 138.0 76.0
140.0 138.0 74.0
138.0 138.0 74.0
136.0 138.0 74.0
134.0 138.0 73.0
132.0 138.0 74.0
130.0 138.0 74.0
128.0 138.0 74.0
126.0 138.0 74.0
124.0 138.0 74.0
122.0 138.0 73.0
120.0 138.0 59.0
118.0 138.0 58.0
116.0 138.0 59.0
114.0 138.0 60.0
114.0 140.0 61.0
116.0 140.0 62.0
118.0 140.0 63.0
120.0 140.0 59.0
122.0 140.0 57.0
124.0 140.0 53.0
126.0 140.0 49.0
128.0 140.0 52.0
130.0 140.0 53.0
132.0 140.0 62.0
134.0 140.0 61.0
136.0 140.0 63.0
138.0 140.0 69.0
140.0 140.0 71.0
142.0 140.0 69.0
144.0 140.0 65.0
146.0 140.0 66.0
148.0 140.0 72.0
150.0 140.0 71.0
152.0 140.0 73.0
154.0 140.0 73.0
156.0 140.0 76.0
158.0 140.0 76.0
160.0 140.0 78.0
162.0 140.0 78.0
164.0 140.0 80.0
166.0 140.0 84.0
168.0 140.0 86.0
170.0 140.0 87.0
172.0 140.0 87.0
174.0 140.0 87.0
176.0 140.0 72.0
178.0 140.0 59.0
180.0 140.0 56.0
182.0 140.0 78.0
184.0 140.0 80.0
186.0 140.0 83.0
188.0 140.0 82.0
190.0 140.0 79.0
192.0 140.0 79.0
194.0 140.0 80.0
196.0 140.0 82.0
198.0 140.0 78.0
200.0 140.0 80.0
202.0 140.0 79.0
204.0 140.0 80.0
206.0 140.0 80.0
208.0 140.0 78.0
210.0 140.0 82.0
212.0 140.0 82.0
214.0 140.0 80.0
216.0 140.0 79.0
218.0 140.0 80.0
220.0 140.0 80.0
222.0 140.0 82.0
224.0 140.0 83.0
226.0 140.0 83.0
228.0 140.0 79.0
230.0 140.0 79.0
230.0 142.0 79.0
228.0 142.0 82.0
226.0 142.0 82.0
224.0 142.0 79.0
222.0 142.0 82.0
220.0 142.0 80.0
218.0 142.0 80.0
216.0 142.0 80.0
214.0 142.0 79.0
212.0 142.0 78.0
210.0 142.0 77.0
208.0 142.0 77.0
206.0 142.0 77.0
204.0 142.0 77.0
202.0 142.0 77.0
200.0 142.0 77.0
198.0 142.0 77.0
196.0 142.0 77.0
194.0 142.0 78.0
192.0 142.0 77.0
190.0 142.0 77.0
188.0 142.0 77.0
186.0 142.0 77.0
184.0 142.0 77.0
182.0 142.0 76.0
180.0 142.0 76.0
178.0 142.0 77.0
176.0 142.0 77.0
174.0 142.0 76.0
172.0 142.0 76.0
170.0 142.0 76.0
168.0 142.0 78.0
166.0 142.0 57.0
164.0 142.0 74.0
162.0 142.0 86.0
160.0 142.0 86.0
158.0 142.0 85.0
156.0 142.0 84.0
154.0 142.0 82.0
152.0 142.0 80.0
150.0 142.0 79.0
148.0 142.0 76.0
146.0 142.0 76.0
144.0 142.0 50.0
142.0 142.0 44.0
140.0 142.0 40.0
138.0 142.0 48.0
136.0 142.0 42.0
134.0 142.0 44.0
132.0 142.0 43.0
130.0 142.0 41.0
128.0 142.0 45.0
126.0 142.0 45.0
124.0 142.0 43.0
122.0 142.0 38.0
120.0 142.0 34.0
118.0 142.0 38.0
116.0 142.0 39.0
114.0 142.0 38.0
114.0 144.0 38.0
116.0 144.0 37.0
118.0 144.0 41.0
120.0 144.0 40.0
122.0 144.0 39.0
124.0 144.0 42.0
126.0 144.0 38.0
128.0 144.0 39.0
130.0 144.0 38.0
132.0 144.0 39.0
134.0 144.0 39.0
136.0 144.0 40.0
138.0 144.0 41.0
140.0 144.0 43.0
142.0 144.0 45.0
144.0 144.0 45.0
146.0 144.0 43.0
148.0 144.0 43.0
150.0 144.0 46.0
152.0 144.0 48.0
154.0 144.0 46.0
156.0 144.0 42.0
158.0 144.0 77.0
160.0 144.0 77.0
162.0 144.0 78.0
164.0 144.0 82.0
166.0 144.0 82.0
168.0 144.0 84.0
170.0 144.0 86.0
172.0 144.0 86.0
174.0 144.0 85.0
176.0 144.0 86.0
178.0 144.0 56.0
180.0 144.0 59.0
182.0 144.0 76.0
184.0 144.0 80.0
186.0 144.0 80.0
188.0 144.0 80.0
190.0 144.0 82.0
192.0 144.0 79.0
194.0 144.0 79.0
196.0 144.0 79.0
198.0 144.0 79.0
200.0 144.0 82.0
202.0 144.0 78.0
204.0 144.0 79.0
206.0 144.0 80.0
208.0 144.0 79.0
210.0 144.0 80.0
212.0 144.0 79.0
214.0 144.0 80.0
216.0 144.0 79.0
218.0 144.0 82.0
220.0 144.0 82.0
222.0 144.0 79.0
224.0 144.0 80.0
226.0 144.0 79.0
228.0 144.0 79.0
230.0 144.0 80.0
230.0 146.0 79.0
228.0 146.0 78.0
226.0 146.0 77.0
224.0 146.0 77.0
222.0 146.0 77.0
220.0 146.0 78.0
218.0 146.0 78.0
216.0 146.0 77.0
214.0 146.0 77.0
212.0 146.0 77.0
210.0 146.0 77.0
208.0 146.0 78.0
206.0 146.0 77.0
204.0 146.0 78.0
202.0 146.0 77.0
200.0 146.0 77.0
198.0 146.0 78.0
196.0 146.0 77.0
194.0 146.0 78.0
192.0 146.0 78.0
190.0 146.0 77.0
188.0 146.0 78.0
186.0 146.0 77.0
184.0 146.0 79.0
182.0 146.0 79.0
180.0 146.0 80.0
178.0 146.0 79.0
176.0 146.0 79.0
174.0 146.0 78.0
172.0 146.0 77.0
170.0 146.0 77.0
168.0 146.0 78.0
166.0 146.0 56.0
164.0 146.0 83.0
162.0 146.0 84.0
160.0 146.0 86.0
158.0 146.0 85.0
156.0 146.0 84.0
154.0 146.0 82.0
152.0 146.0 80.0
150.0 146.0 78.0
148.0 146.0 77.0
146.0 146.0 75.0
144.0 146.0 32.0
142.0 146.0 50.0
140.0 146.0 46.0
138.0 146.0 45.0
136.0 146.0 45.0
134.0 146.0 44.0
132.0 146.0 48.0
130.0 146.0 46.0
128.0 146.0 42.0
126.0 146.0 41.0
124.0 146.0 41.0
122.0 146.0 25.0
120.0 146.0 39.0
118.0 146.0 37.0
116.0 146.0 40.0
114.0 146.0 40.0
114.0 148.0 39.0
116.0 148.0 39.0
118.0 148.0 40.0
120.0 148.0 42.0
122.0 148.0 45.0
124.0 148.0 40.0
126.0 148.0 39.0
128.0 148.0 40.0
130.0 148.0 41.0
132.0 148.0 41.0
134.0 148.0 39.0
136.0 148.0 39.0
138.0 148.0 39.0
140.0 148.0 39.0
142.0 148.0 44.0
144.0 148.0 46.0
146.0 148.0 45.0
148.0 148.0 44.0
150.0 148.0 46.0
152.0 148.0 44.0
154.0 148.0 39.0
156.0 148.0 57.0
158.0 148.0 77.0
160.0 148.0 77.0
162.0 148.0 78.0
164.0 148.0 79.0
166.0 148.0 82.0
168.0 148.0 83.0
170.0 148.0 84.0
172.0 148.0 85.0
174.0 148.0 84.0
176.0 148.0 84.0
178.0 148.0 61.0
180.0 148.0 59.0
182.0 148.0 78.0
184.0 148.0 80.0
186.0 148.0 80.0
188.0 148.0 82.0
190.0 148.0 79.0
192.0 148.0 79.0
194.0 148.0 80.0
196.0 148.0 79.0
198.0 148.0 80.0
200.0 148.0 79.0
202.0 148.0 79.0
204.0 148.0 79.0
206.0 148.0 79.0
208.0 148.0 80.0
210.0 148.0 79.0
212.0 148.0 79.0
214.0 148.0 78.0
216.0 148.0 80.0
218.0 148.0 80.0
220.0 148.0 79.0
222.0 148.0 79.0
224.0 148.0 79.0
226.0 148.0 80.0
228.0 148.0 80.0
230.0 148.0 82.0
230.0 150.0 80.0
228.0 150.0 77.0
226.0 150.0 78.0
224.0 150.0 77.0
222.0 150.0 78.0
220.0 150.0 77.0
218.0 150.0 77.0
216.0 150.0 77.0
214.0 150.0 77.0
212.0 150.0 78.0
210.0 150.0 78.0
208.0 150.0 77.0
206.0 150.0 78.0
204.0 150.0 77.0
202.0 150.0 77.0
200.0 150.0 77.0
198.0 150.0 77.0
196.0 150.0 77.0
194.0 150.0 77.0
192.0 150.0 77.0
190.0 150.0 77.0
188.0 150.0 77.0
186.0 150.0 77.0
184.0 150.0 78.0
182.0 150.0 79.0
180.0 150.0 79.0
178.0 150.0 78.0
176.0 150.0 78.0
174.0 150.0 78.0
172.0 150.0 77.0
170.0 150.0 77.0
168.0 150.0 78.0
166.0 150.0 58.0
164.0 150.0 85.0
162.0 150.0 83.0
160.0 150.0 85.0
158.0 150.0 85.0
156.0 150.0 83.0
154.0 150.0 79.0
152.0 150.0 78.0
150.0 150.0 78.0
148.0 150.0 75.0
146.0 150.0 75.0
144.0 150.0 40.0
142.0 150.0 48.0
140.0 150.0 44.0
138.0 150.0 46.0
136.0 150.0 45.0
134.0 150.0 45.0
132.0 150.0 43.0
130.0 150.0 42.0
128.0 150.0 42.0
126.0 150.0 41.0
124.0 150.0 39.0
122.0 150.0 36.0
120.0 150.0 40.0
118.0 150.0 39.0
116.0 150.0 39.0
114.0 150.0 42.0
114.0 152.0 39.0
116.0 152.0 39.0
118.0 152.0 39.0
120.0 152.0 39.0
122.0 152.0 39.0
124.0 152.0 38.0
126.0 152.0 40.0
128.0 152.0 40.0
130.0 152.0 39.0
132.0 152.0 37.0
134.0 152.0 39.0
136.0 152.0 42.0
138.0 152.0 43.0
140.0 152.0 44.0
142.0 152.0 45.0
144.0 152.0 46.0
146.0 152.0 44.0
148.0 152.0 45.0
150.0 152.0 48.0
152.0 152.0 44.0
154.0 152.0 48.0
156.0 152.0 54.0
158.0 152.0 77.0
160.0 152.0 77.0
162.0 152.0 77.0
164.0 152.0 78.0
166.0 152.0 82.0
168.0 152.0 82.0
170.0 152.0 84.0
172.0 152.0 84.0
174.0 152.0 84.0
176.0 152.0 80.0
178.0 152.0 62.0
180.0 152.0 60.0
182.0 152.0 80.0
184.0 152.0 79.0
186.0 152.0 80.0
188.0 152.0 80.0
190.0 152.0 82.0
192.0 152.0 80.0
194.0 152.0 83.0
196.0 152.0 82.0
198.0 152.0 80.0
200.0 152.0 82.0
202.0 152.0 80.0
204.0 152.0 80.0
206.0 152.0 80.0
208.0 152.0 83.0
210.0 152.0 82.0
212.0 152.0 79.0
214.0 152.0 82.0
216.0 152.0 79.0
218.0 152.0 80.0
220.0 152.0 83.0
222.0 152.0 79.0
224.0 152.0 80.0
226.0 152.0 82.0
228.0 152.0 79.0
230.0 152.0 80.0
230.0 154.0 82.0
228.0 154.0 82.0
226.0 154.0 80.0
224.0 154.0 80.0
222.0 154.0 80.0
220.0 154.0 80.0
218.0 154.0 79.0
216.0 154.0 83.0
214.0 154.0 80.0
212.0 154.0 80.0
210.0 154.0 79.0
208.0 154.0 80.0
206.0 154.0 79.0
204.0 154.0 78.0
202.0 154.0 78.0
200.0 154.0 78.0
198.0 154.0 78.0
196.0 154.0 79.0
194.0 154.0 77.0
192.0 154.0 77.0
190.0 154.0 77.0
188.0 154.0 77.0
186.0 154.0 78.0
184.0 154.0 77.0
182.0 154.0 78.0
180.0 154.0 78.0
178.0 154.0 79.0
176.0 154.0 77.0
174.0 154.0 78.0
172.0 154.0 78.0
170.0 154.0 77.0
168.0 154.0 79.0
166.0 154.0 77.0
164.0 154.0 78.0
162.0 154.0 82.0
160.0 154.0 84.0
158.0 154.0 85.0
156.0 154.0 84.0
154.0 154.0 79.0
152.0 154.0 79.0
150.0 154.0 78.0
148.0 154.0 77.0
146.0 154.0 75.0
144.0 154.0 41.0
142.0 154.0 49.0
140.0 154.0 45.0
138.0 154.0 45.0
136.0 154.0 45.0
134.0 154.0 44.0
132.0 154.0 45.0
130.0 154.0 43.0
128.0 154.0 45.0
126.0 154.0 44.0
124.0 154.0 41.0
122.0 154.0 37.0
120.0 154.0 37.0
118.0 154.0 42.0
116.0 154.0 40.0
114.0 154.0 40.0
114.0 156.0 41.0
116.0 156.0 39.0
118.0 156.0 39.0
120.0 156.0 38.0
122.0 156.0 38.0
124.0 156.0 39.0
126.0 156.0 39.0
128.0 156.0 39.0
130.0 156.0 40.0
132.0 156.0 42.0
134.0 156.0 39.0
136.0 156.0 41.0
138.0 156.0 39.0
140.0 156.0 40.0
142.0 156.0 39.0
144.0 156.0 41.0
146.0 156.0 37.0
148.0 156.0 40.0
150.0 156.0 40.0
152.0 156.0 39.0
154.0 156.0 37.0
156.0 156.0 40.0
158.0 156.0 37.0
160.0 156.0 38.0
162.0 156.0 36.0
164.0 156.0 37.0
166.0 156.0 46.0
168.0 156.0 51.0
170.0 156.0 44.0
172.0 156.0 41.0
174.0 156.0 38.0
176.0 156.0 79.0
178.0 156.0 83.0
180.0 156.0 83.0
182.0 156.0 0 .0
184.0 156.0 68.0
186.0 156.0 79.0
188.0 156.0 74.0
190.0 156.0 77.0
192.0 156.0 76.0
194.0 156.0 0
196.0 156.0 0
198.0 156.0 0
200.0 156.0 0
202.0 156.0 0
204.0 156.0 0
206.0 156.0 0
208.0 156.0 0
210.0 156.0 0
212.0 156.0 0
214.0 156.0 0
216.0 156.0 0
218.0 156.0 0
220.0 156.0 0
222.0 156.0 0
224.0 156.0 0
226.0 156.0 0
228.0 156.0 0
230.0 156.0 0
230.0 158.0 0
228.0 158.0 0
226.0 158.0 0
224.0 158.0 0
222.0 158.0 0
220.0 158.0 0
218.0 158.0 0
216.0 158.0 0
214.0 158.0 0
212.0 158.0 0
210.0 158.0 76
208.0 158.0 63
206.0 158.0 68
204.0 158.0 72
202.0 158.0 79
200.0 158.0 68
198.0 158.0 77
196.0 158.0 74
194.0 158.0 76
192.0 158.0 76
190.0 158.0 77
188.0 158.0 62
186.0 158.0 77
184.0 158.0 83
182.0 158.0 74
180.0 158.0 83
178.0 158.0 74
176.0 158.0 75
174.0 158.0 70
172.0 158.0 82
170.0 158.0 0
168.0 158.0 0
166.0 158.0 58
164.0 158.0 72
162.0 158.0 87
160.0 158.0 84
158.0 158.0 79
156.0 158.0 77
154.0 158.0 83
152.0 158.0 82
150.0 158.0 79
148.0 158.0 79
146.0 158.0 77
144.0 158.0 77
142.0 158.0 37
140.0 158.0 38
138.0 158.0 44
136.0 158.0 40
134.0 158.0 39
132.0 158.0 41
130.0 158.0 39
128.0 158.0 37
126.0 158.0 40
124.0 158.0 37
122.0 158.0 40
120.0 158.0 37
118.0 158.0 42
116.0 158.0 40
114.0 158.0 41
114.0 160.0 39
116.0 160.0 41
118.0 160.0 40
120.0 160.0 38
122.0 160.0 41
124.0 160.0 37
126.0 160.0 39
128.0 160.0 41
130.0 160.0 41
132.0 160.0 39
134.0 160.0 39
136.0 160.0 39
138.0 160.0 39
140.0 160.0 39
142.0 160.0 40
144.0 160.0 39
146.0 160.0 39
148.0 160.0 40
150.0 160.0 39
152.0 160.0 43
154.0 160.0 42
156.0 160.0 39
158.0 160.0 45
160.0 160.0 65
162.0 160.0 75
164.0 160.0 73
166.0 160.0 70
168.0 160.0 71
170.0 160.0 66
172.0 160.0 42
174.0 160.0 0
176.0 160.0 0
178.0 160.0 0
180.0 160.0 0
182.0 160.0 0
184.0 160.0 0
186.0 160.0 0
188.0 160.0 0
190.0 160.0 0
192.0 160.0 0
194.0 160.0 0
196.0 160.0 0
198.0 160.0 0
200.0 160.0 0
202.0 160.0 0
204.0 160.0 0
206.0 160.0 0
208.0 160.0 0
210.0 160.0 0
212.0 160.0 0
214.0 160.0 0
216.0 160.0 0
218.0 160.0 0
220.0 160.0 0
222.0 160.0 0
224.0 160.0 2849
226.0 160.0 0
228.0 160.0 0
230.0 160.0 0
230.0 162.0 0
228.0 162.0 0
226.0 162.0 0
224.0 162.0 0
222.0 162.0 0
220.0 162.0 0
218.0 162.0 0
216.0 162.0 0
214.0 162.0 0
212.0 162.0 0
210.0 162.0 0
208.0 162.0 0
206.0 162.0 0
204.0 162.0 0
202.0 162.0 0
200.0 162.0 0
198.0 162.0 0
196.0 162.0 0
194.0 162.0 0
192.0 162.0 0
190.0 162.0 0
188.0 162.0 0
186.0 162.0 0
184.0 162.0 0
182.0 162.0 0
180.0 162.0 0
178.0 162.0 0
176.0 162.0 0
174.0 162.0 0
172.0 162.0 0
170.0 162.0 0
168.0 162.0 0
166.0 162.0 38
164.0 162.0 51
162.0 162.0 42
160.0 162.0 46
158.0 162.0 43
156.0 162.0 46
154.0 162.0 67
152.0 162.0 69
150.0 162.0 74
148.0 162.0 65
146.0 162.0 62
144.0 162.0 56
142.0 162.0 41
140.0 162.0 41
138.0 162.0 39
136.0 162.0 40
134.0 162.0 40
132.0 162.0 37
130.0 162.0 39
128.0 162.0 37
126.0 162.0 40
124.0 162.0 37
122.0 162.0 37
120.0 162.0 40
118.0 162.0 39
116.0 162.0 37
114.0 162.0 41